---
T9831003: 5
T9831015: 4.66666666666667
T9831018: 4.66666666666667
T9831023: 5
T9831030: 4.83333333333333
U9731044: 0
U9734040: 4.66666666666667
U9742047: 5
U9831002: 5
U9831005: 4.66666666666667
U9831006: 0
U9831007: 5
U9831012: 5
U9831016: 3.25
U9831018: 5
U9831021: 4.91666666666667
U9831024: 4.66666666666667
U9831028: 4.91666666666667
U9831035: 5
U9831039: 4.83333333333333
U9831040: 5
U9831043: 5
U9831044: 4.83333333333333
U9831046: 4.58333333333333
U9831049: 3.25
U9831102: 4.58333333333333
U9831106: 4.66666666666667
U9831108: 3.25
U9831109: 4.66666666666667
U9831110: 4.58333333333333
U9831112: 4.66666666666667
U9831114: 4.66666666666667
U9831116: 4.91666666666667
U9831119: 0
U9831122: 5
U9831124: 5
U9831127: 4.58333333333333
U9831128: 4.91666666666667
U9831130: 4.83333333333333
U9831131: 5
U9831132: 5
U9831135: 4.66666666666667
U9831138: 5
U9831140: 5
U9831143: 4.66666666666667
U9831144: 4.66666666666667
U9831147: 3.25
