---
T9823041: 4.8
V9741044: 4.5074074074074
V9741064: 3.92222222222222
V9841010: 4.57407407407407
V9841011: 4.18888888888888
V9841022: 4.72222222222222
V9841025: 3.55555555555556
V9841028: 4.52222222222222
V9841042: 4.6
V9841049: 4.42962962962963
V9941001: 3.64814814814815
V9941007: 4.81481481481481
V9941011: 4.1074074074074
V9941012: 4.42962962962963
V9941013: 0
V9941015: 5
V9941022: 4.09629629629629
V9941026: 4.5074074074074
V9941027: 4.66666666666667
V9941029: 4.57407407407407
V9941037: 4.66666666666667
V9941040: 4.48148148148148
V9941047: 4.57407407407407
V9941049: 3.35555555555556
V9941050: 3.31851851851852
V9941059: 4.01851851851852
V9941060: 0
V9941067: 4.14814814814815
V9941075: 4.61481481481481
V9941077: 0
