---
V9841033: 4.66666666666667
V9941025: 3.5
V9941026: 4
V9941027: 4.66666666666667
V9941029: 3
V9941031: 3
V9941032: 4.5
V9941033: 3
V9941036: 4.5
V9941037: 3.66666666666667
V9941040: 3
V9941043: 3
V9941045: 4
V9941046: 4.66666666666667
V9941047: 4
V9941049: 3.66666666666667
V9941050: 4
V9941057: 4.66666666666667
V9941059: 4.5
V9941060: 4
V9941062: 4
V9941067: 4
V9941068: 4
V9941069: 3.5
V9941071: 4.66666666666667
V9941073: 3.5
V9941075: 4
V9941076: 4.66666666666667
