---
V0016058: 0
V0041005: 3.83333333333333
V0041012: 4.5
V0041015: 3.83333333333333
V0041046: 3.66666666666667
V0041047: 4.5
V0041055: 4.16666666666667
V0041058: 4.05555555555556
V0041062: 3.61111111111111
V0041064: 4.16666666666667
V0041066: 3.66666666666667
V0141002: 4.44444444444444
V0141003: 4.66666666666667
V0141008: 3
V0141009: 3.66666666666667
V0141011: 3.88888888888889
V0141012: 3.61111111111111
V0141016: 4.33333333333333
V0141017: 5
V0141018: 4.77777777777778
V0141021: 5
V0141022: 4.66666666666667
V0141023: 4.66666666666667
V0141025: 4.5
V0141026: 4.33333333333333
V0141028: 5
V0141029: 3.55555555555555
V0141035: 4.33333333333333
V0141036: 4.16666666666667
V0141037: 4.88888888888889
V0141038: 3.33333333333333
V0141041: 4.5
V0141046: 3.83333333333333
V0141048: 4.44444444444444
V0141049: 4.16666666666667
V0141050: 3.33333333333333
V0141052: 4.11111111111111
V0141053: 4.33333333333333
V0141054: 3.33333333333333
V0141055: 4.16666666666667
V0141058: 4.38888888888889
V0141059: 4.66666666666667
V0141060: 4.27777777777778
V0141061: 4.16666666666667
V0141064: 4.66666666666667
V9741022: 4.33333333333333
V9941014: 4.33333333333333
V9941060: 4.66666666666667
V9941065: 2.77777777777778
V9941075: 4.05555555555556
V9941076: 4.5
