---
V0016058: 0

V0041005: 3.66666666666667
V0041012: 5
V0041015: 3.66666666666667
V0041046: 4.33333333333333
V0041047: 5
V0041055: 4.33333333333333
V0041058: 4.11111111111111
V0041062: 3.22222222222222
V0041064: 4.33333333333333
V0041066: 4.33333333333333
V0141002: 3.88888888888889
V0141003: 4.33333333333333
V0141008: 5
V0141009: 4.33333333333333
V0141011: 4.77777777777778
V0141012: 3.22222222222222
V0141016: 3.66666666666667
V0141017: 5
V0141018: 4.55555555555556
V0141021: 5
V0141022: 4.33333333333333
V0141023: 4.33333333333333
V0141025: 5
V0141026: 3.66666666666667
V0141028: 5
V0141029: 4.11111111111111
V0141035: 3.66666666666667
V0141036: 4.33333333333333
V0141037: 4.77777777777778
V0141038: 3.66666666666667
V0141041: 5
V0141046: 3.66666666666667
V0141048: 3.88888888888889
V0141049: 4.33333333333333
V0141050: 3.66666666666667
V0141052: 3.22222222222222
V0141053: 3.66666666666667
V0141054: 3.66666666666667
V0141055: 4.33333333333333
V0141058: 4.77777777777778
V0141059: 4.33333333333333
V0141060: 4.55555555555556
V0141061: 4.33333333333333
V0141064: 4.33333333333333
V9741022: 3.66666666666667
V9941014: 3.66666666666667
V9941060: 4.33333333333333
V9941065: 4.55555555555556
V9941075: 4.11111111111111
V9941076: 5
