---
N00200001: 5
N00200008: 4.09803921568627
N00200009: 4.88235294117647
N00200017: 4.25490196078431
N00200025: 4.6078431372549
N00200029: 3.35294117647059
N00200030: 4.80392156862745
N00200031: 3.62745098039216
N00200034: 4.37254901960784
N00200036: 3.70588235294118
N00200037: 4.37254901960784
N00200042: 4.2156862745098
N00200043: 3.66666666666667
N00200051: 3.90196078431373
N00200054: 4.68627450980392
N00200055: 3.31372549019608
N00200056: 4.96078431372549
N00203002: 2.64705882352941
N01202001: 4.05882352941176
N01202004: 4.45098039215686
N01203003: 3.86274509803922
N02202113: 2.64705882352941
N96200030: 3
