---
V0141001: 4.33333333333333
V0141062: 4.41666666666667
V0141063: 3.16666666666667
V0241001: 3.33333333333333
V0241004: 3.41666666666667
V0241012: 0
V0241014: 4.25
V0241020: 3.91666666666667
V0241022: 4.25
V0241024: 4.33333333333333
V0241026: 3.91666666666667
V0241029: 4
V0241030: 4.16666666666667
V0241031: 4.33333333333333
V0241032: 3
V0241034: 3.83333333333333
V0241037: 4.75
V0241038: 3.66666666666667
V0241039: 3.91666666666667
V0241041: 3.33333333333333
V0241042: 3.91666666666667
V0241044: 4.33333333333333
V0241045: 3.33333333333333
V0241046: 3.91666666666667
V0241063: 0
V0241064: 4
V0241065: 4.33333333333333
V0241066: 3.91666666666667
V0241067: 3.91666666666667
