---
V0241063: 0
V0241012: 0

V0141001: 4.66666666666667
V0141062: 3.83333333333333
V0141063: 4.33333333333333
V0241001: 3.66666666666667
V0241004: 2.83333333333333
V0241014: 4.5
V0241020: 3.83333333333333
V0241022: 4.5
V0241024: 4.66666666666667
V0241026: 3.83333333333333
V0241029: 4
V0241030: 4.33333333333333
V0241031: 3.66666666666667
V0241032: 4
V0241034: 3.66666666666667
V0241037: 4.5
V0241038: 4.33333333333333
V0241039: 3.83333333333333
V0241041: 3.66666666666667
V0241042: 3.83333333333333
V0241044: 3.66666666666667
V0241045: 3.66666666666667
V0241046: 3.83333333333333
V0241064: 4
V0241065: 4.66666666666667
V0241066: 2.83333333333333
V0241067: 2.83333333333333
