---
K220155482: 2.63333333333334
U0017024: 2.83333333333333
U0018027: 3.1
U0018046: 4.6
U0042012: 4.1
U0042031: 2.1
U0042041: 2.13333333333334
U0042050: 2.63333333333334
U0043001: 3.76666666666666
U0043004: 3.73333333333334
U0043033: 3.6
U0122002: 3.83333333333333
U0222133: 0
U0222228: 4.1
U9911237: 2.23333333333334
U9911242: 2.23333333333334
U9917017: 3.76666666666666
U9923120: 4.6
U9923121: 3.26666666666666
U9943007: 4.1
U9943019: 3.33333333333333
