---
T9833008: 3
T9833024: 3.83333333333333
T9833026: 3.33333333333333
U9816024: 5
U9913132: 3
U9933147: 3.33333333333333
U9934001: 3
U9934002: 2.5
U9934003: 3
U9934004: 2.5
U9934005: 2.5
U9934006: 3.5
U9934007: 3.33333333333333
U9934009: 3.33333333333333
U9934010: 3.33333333333333
U9934011: 2.33333333333333
U9934012: 3.83333333333333
U9934013: 2.5
U9934015: 2.33333333333333
U9934016: 3
U9934017: 5
U9934019: 3.5
U9934020: 3.33333333333333
U9934021: 3.5
U9934022: 3.83333333333333
U9934023: 3.33333333333333
U9934024: 5
U9934025: 5
U9934026: 3
U9934027: 5
U9934028: 5
U9934029: 3.33333333333333
U9934030: 2.5
U9934031: 3.16666666666667
U9934032: 2.5
U9934033: 3
U9934034: 3
U9934036: 3
U9934037: 2.33333333333333
U9934038: 3
U9934039: 2.5
U9934040: 3
U9934043: 3.16666666666667
U9934044: 5
U9934045: 3.83333333333333
U9934046: 3.16666666666667
U9934047: 3
U9934048: 5
U9934050: 3.16666666666667
U9934051: 3.5
