---
U9734051: 3.9
U9834017: 4.3
U9913132: 4.26666666666666
U9933147: 3.1
U9934001: 4.23333333333334
U9934002: 3.23333333333334
U9934003: 3.73333333333334
U9934004: 4.16666666666667
U9934005: 3.83333333333333
U9934006: 3.23333333333334
U9934007: 3.4
U9934009: 2.06666666666667
U9934010: 3.9
U9934011: 3.96666666666667
U9934012: 4.66666666666667
U9934013: 3.73333333333334
U9934015: 3.56666666666667
U9934016: 3.7
U9934017: 4.06666666666666
U9934019: 4.66666666666667
U9934020: 4.06666666666666
U9934021: 3.73333333333334
U9934022: 3.26666666666666
U9934023: 2.73333333333334
U9934024: 2.6
U9934025: 3.83333333333333
U9934026: 4.66666666666667
U9934027: 3.2
U9934028: 3.1
U9934029: 3.1
U9934030: 4.06666666666666
U9934031: 4.06666666666666
U9934032: 3.1
U9934033: 3.2
U9934034: 4.26666666666666
U9934036: 3.9
U9934037: 4.16666666666667
U9934038: 4.66666666666667
U9934039: 3.9
U9934040: 4.66666666666667
U9934043: 3.9
U9934044: 4.46666666666667
U9934045: 3.8
U9934046: 3.6
U9934047: 3.83333333333333
U9934048: 3.46666666666667
U9934050: 4.3
U9934051: 4.23333333333334
U9934052: 4.16666666666667
