---
U9734051: 3.8
U9834017: 4.6
U9913132: 3.53333333333333
U9933147: 2.2
U9934001: 4.46666666666667
U9934002: 2.46666666666667
U9934003: 4.46666666666667
U9934004: 4.33333333333333
U9934005: 3.66666666666667
U9934006: 2.46666666666667
U9934007: 3.8
U9934009: 3.13333333333333
U9934010: 3.8
U9934011: 3.93333333333333
U9934012: 4.33333333333333
U9934013: 2.46666666666667
U9934015: 3.13333333333333
U9934016: 3.4
U9934017: 3.13333333333333
U9934019: 4.33333333333333
U9934020: 3.13333333333333
U9934021: 4.46666666666667
U9934022: 3.53333333333333
U9934023: 4.46666666666667
U9934024: 2.2
U9934025: 3.66666666666667
U9934026: 4.33333333333333
U9934027: 3.4
U9934028: 2.2
U9934029: 2.2
U9934030: 3.13333333333333
U9934031: 3.13333333333333
U9934032: 2.2
U9934033: 3.4
U9934034: 3.53333333333333
U9934036: 3.8
U9934037: 4.33333333333333
U9934038: 4.33333333333333
U9934039: 3.8
U9934040: 4.33333333333333
U9934043: 3.8
U9934044: 3.93333333333333
U9934045: 4.6
U9934046: 2.2
U9934047: 3.66666666666667
U9934048: 3.93333333333333
U9934050: 4.6
U9934051: 4.46666666666667
U9934052: 4.33333333333333
