---
T9833026: 2.33333333333333
T9833038: 2.33333333333333
U0014139: 3
U0033001: 1.66666666666667
U0033002: 1.66666666666667
U0033003: 3
U0033004: 2.66666666666667
U0033005: 3
U0033006: 2.33333333333333
U0033008: 5
U0033009: 3
U0033010: 1.66666666666667
U0033012: 2.66666666666667
U0033013: 3
U0033014: 1.66666666666667
U0033015: 1.66666666666667
U0033016: 2.66666666666667
U0033018: 1
U0033019: 2.33333333333333
U0033020: 2.66666666666667
U0033022: 3
U0033023: 1.33333333333333
U0033024: 2.33333333333333
U0033029: 2.33333333333333
U0033030: 2.66666666666667
U0033031: 1.66666666666667
U0033032: 3
U0033033: 5
U0033034: 2.66666666666667
U0033035: 2.33333333333333
U0033036: 2.33333333333333
U0033037: 3
U0033039: 1.33333333333333
U0033040: 2.33333333333333
U0033042: 2.66666666666667
U0033133: 1.33333333333333
U0033135: 2.66666666666667
U0033136: 1
U0033137: 2.66666666666667
U0033139: 3
U9933035: 5
