---
T9831030: 2.5
U0031032: 5
U0031046: 1.5
U0034001: 3
U0034002: 2
U0034003: 1.5
U0034004: 3.33333333333333
U0034005: 1.66666666666667
U0034006: 2
U0034007: 3
U0034008: 4
U0034009: 2
U0034010: 4
U0034011: 2
U0034012: 4
U0034013: 3
U0034014: 1
U0034015: 5
U0034016: 3.33333333333333
U0034017: 0
U0034023: 4
U0034024: 1.5
U0034025: 3
U0034026: 1
U0034027: 4
U0034028: 3.33333333333333
U0034029: 3
U0034030: 5
U0034031: 2.66666666666667
U0034032: 1.5
U0034033: 2.5
U0034034: 2
U0034035: 3
U0034036: 3
U0034037: 3.33333333333333
U0034038: 3.5
U0034040: 1.5
U0034042: 2.66666666666667
U0034043: 1.5
U0034044: 2.5
U0034045: 3
U0034046: 4
U0034049: 3.83333333333333
U0034050: 1.83333333333334
U0034051: 5
U0034055: 2
U0034056: 2.83333333333333
U9733015: 3.33333333333333
U9834018: 1.66666666666666
