---
N01200028: 0
N01200023: 0
N01200026: 0
N01200029: 0
N01200030: 0
N01200045: 0
N01200058: 0
N03203104: 0
N02202111: 0

N00200045: 4.41666666666667
N00200059: 4.5
N01200002: 4
N01200008: 4.33333333333333
N01200021: 4.08333333333333
N01200025: 4.33333333333333
N01200033: 4.25
N01200035: 4.08333333333333
N01200038: 3.25
N01200041: 4
N01200042: 4.33333333333333
N01200046: 3.25
N01200056: 4.25
N02202101: 4.41666666666667
N02202105: 4.5
N02202106: 3.25
N02202110: 4.5
N02202114: 4.08333333333333
N02202201: 4
N03203102: 4.41666666666667
N03203105: 4.25
