---
U0043041: 3.16666666666667
V0041002: 4.16666666666667
V0041007: 3.25
V0041009: 3.16666666666667
V0041012: 3.5
V0041017: 0
V0041025: 3
V0041030: 3.75
V0041033: 3.16666666666667
V0041035: 3.33333333333333
V0041038: 4.25
V0041040: 0
V0041044: 4.66666666666667
V0041046: 3.83333333333333
V0041049: 2.75
V0041052: 4.25
V0041055: 0
V0041058: 4.16666666666667
V0299140: 4.5
V9941065: 3.25
