---
V9841033: 4
V9841034: 4.03333333333333
V9841036: 4.8
V9841037: 0
V9841038: 5
V9841039: 3.2
V9841040: 3.76666666666666
V9841041: 4.3
V9841046: 0
V9841048: 4.26666666666666
V9841049: 4.3
V9841050: 3.8
V9841051: 0
V9841053: 4.1
V9841054: 5
V9841058: 3.6
V9841059: 4.8
V9841064: 0
V9841067: 3.26666666666666
V9841068: 4.3
V9841069: 4.2
V9841071: 3.53333333333333
