---
V9841046: 0
V9841051: 0
V9841037: 0
V9841064: 0

V9841033: 5
V9841034: 4.06666666666667
V9841036: 4.6
V9841038: 5
V9841039: 3.4
V9841040: 3.53333333333333
V9841041: 4.6
V9841048: 3.53333333333333
V9841049: 4.6
V9841050: 4.6
V9841053: 4.2
V9841054: 5
V9841058: 4.2
V9841059: 4.6
V9841067: 3.53333333333333
V9841068: 4.6
V9841069: 3.4
V9841071: 4.06666666666667
