---
V0041017: 0
V0041040: 0
V0041055: 0

U0043041: 4.33333333333333
V0041002: 3.33333333333333
V0041007: 3.5
V0041009: 3.33333333333333
V0041012: 4
V0041025: 4
V0041030: 3.5
V0041033: 3.33333333333333
V0041035: 2.66666666666667
V0041038: 3.5
V0041044: 4.33333333333333
V0041046: 2.66666666666667
V0041049: 3.5
V0041052: 3.5
V0041058: 4.33333333333333
V0299140: 4
V9941065: 3.5
