---
T9833024: 2.66666666666667
T9833026: 2.77777777777778
U9931001: 3.55555555555555
U9931002: 4.44444444444444
U9931003: 3.5
U9931004: 4
U9931006: 4
U9931007: 4.05555555555556
U9931012: 3.66666666666667
U9931013: 3
U9931014: 4.27777777777778
U9931015: 4.27777777777778
U9931017: 3.94444444444445
U9931025: 3.11111111111111
U9931026: 3.5
U9931028: 3.94444444444445
U9931029: 3.11111111111111
U9931032: 0
U9931034: 4.11111111111111
U9931037: 3.77777777777778
U9931039: 3.55555555555555
U9931041: 3.61111111111111
U9931042: 3
U9931043: 2.66666666666667
U9931101: 4.5
U9931102: 3.05555555555555
U9931103: 4.77777777777778
U9931105: 2.55555555555555
U9931109: 3.5
U9931110: 3.55555555555555
U9931111: 3.61111111111111
U9931125: 4.66666666666667
U9931127: 3.72222222222222
U9931129: 0
U9931130: 4
U9931133: 3.61111111111111
U9931134: 4.5
U9931138: 3.16666666666667
U9931139: 4
U9931140: 4.5
U9931142: 3.66666666666667
U9931143: 4.66666666666667
U9931145: 4.22222222222222
U9931146: 3.16666666666667
U9931149: 4.66666666666667
