---
T9833014: 0
T9833024: 2.33333333333333
T9833026: 2.55555555555556
U9931001: 4.11111111111111
U9931002: 3.88888888888889
U9931003: 3
U9931004: 3
U9931006: 3
U9931007: 4.11111111111111
U9931012: 2.77777777777778
U9931013: 3
U9931014: 4.55555555555556
U9931015: 4.55555555555556
U9931017: 3.88888888888889
U9931025: 3.22222222222222
U9931026: 3
U9931028: 3.88888888888889
U9931029: 3.22222222222222
U9931032: 0
U9931034: 3.22222222222222
U9931037: 2.55555555555556
U9931039: 2.33333333333333
U9931041: 3.22222222222222
U9931042: 3
U9931043: 2.33333333333333
U9931101: 5
U9931102: 2.33333333333333
U9931103: 4.55555555555556
U9931105: 2.33333333333333
U9931109: 3
U9931110: 4.11111111111111
U9931111: 3.22222222222222
U9931125: 4.33333333333333
U9931127: 3
U9931129: 0
U9931130: 3
U9931133: 3.22222222222222
U9931134: 5
U9931138: 2.77777777777778
U9931139: 3
U9931140: 5
U9931142: 2.33333333333333
U9931143: 4.33333333333333
U9931145: 3
U9931146: 2.77777777777778
U9931149: 4.33333333333333
