---
U9911242: 0
U9911237: 0

K220155482: 4.46666666666667
U0017024: 4.06666666666667
U0018027: 4.73333333333333
U0018046: 3.53333333333333
U0042012: 3.66666666666667
U0042041: 4.46666666666667
U0042050: 4.46666666666667
U0043001: 4.46666666666667
U0043004: 4.73333333333333
U0043033: 3.53333333333333
U0122002: 4.73333333333333
U0222133: 3.53333333333333
U0222228: 3.66666666666667
U9917017: 4.46666666666667
U9923120: 4.46666666666667
U9923121: 3.66666666666667
U9943007: 4.06666666666667
U9943019: 4.06666666666667
