---
B04202201: 0
B04202204: 0
B05200078: 0
B06080105: 3.02932666666667
B06200002: 0
B06200005: 3.82924666666667
B06200007: 4.59643953488372
B06200009: 4.18562790697674
B06200011: 3.5151523255814
B06200013: 4.38328255813953
B06200015: 3.36262666666667
B06200019: 4.26253666666667
B06200023: 3.41447333333333
B06200025: 4.40266046511628
B06200027: 4.44029666666667
B06200029: 0
B06200031: 4.87160581395349
B06200035: 3.56260666666667
B06200037: 4.73983604651163
B06200041: 4.41428720930233
B06200043: 3.56260666666667
B06200046: 3.98849
B06200048: 4.40266046511628
B06200052: 3.02932666666667
B06200058: 0
B06200061: 3.12931666666667
B06200063: 2.96266666666667
B06200067: 4.07711162790697
B06200069: 0
B06200071: 3.24782333333333
B06200073: 3.54038666666667
B06200080: 3.97738
B06200081: 4.39878488372093
B06209101: 4.40266046511628
B06210041: 3.52187
B07202101: 3.43669333333333
B07202102: 3.47372666666667
B07202103: 4.77471627906977
B07202104: 4.34030666666666
B07202107: 4.16625
B07202108: 3.94775333333333
B07202110: 4.9995
B07202112: 4.73983604651163
B07202114: 3.82924666666667
B07202117: 3.55149666666667
