---
V9841033: 0
V9941025: 3.8
V9941026: 4.8
V9941027: 2.4
V9941029: 3.5
V9941031: 4.8
V9941032: 2.83333333333333
V9941033: 4.8
V9941036: 4.8
V9941037: 4.8
V9941040: 4.8
V9941043: 4.5
V9941045: 4.3
V9941046: 2.1
V9941047: 4.1
V9941049: 4.5
V9941050: 3.5
V9941051: 1.83333333333334
V9941057: 1.83333333333334
V9941059: 4.3
V9941060: 4
V9941062: 3.6
V9941067: 4.3
V9941068: 4.4
V9941069: 4.5
V9941071: 2.3
V9941073: 4.3
V9941075: 3.4
V9941076: 4.8
