---
9633253: 0
U0022016: 3.38888888888889
U0031001: 3.22222222222222
U0031002: 3.11111111111111
U0031003: 2.72222222222222
U0031004: 2.61111111111111
U0031005: 2.83333333333333
U0031006: 2.88888888888889
U0031007: 3.88888888888889
U0031008: 2.94444444444445
U0031009: 1.16666666666666
U0031010: 3.33333333333333
U0031011: 2.61111111111111
U0031012: 4.38888888888889
U0031013: 3.44444444444445
U0031014: 3.44444444444445
U0031016: 3.33333333333333
U0031017: 3.72222222222222
U0031018: 2.72222222222222
U0031020: 3.88888888888889
U0031022: 2.61111111111111
U0031024: 2.83333333333333
U0031025: 2.22222222222222
U0031026: 3.11111111111111
U0031027: 2
U0031028: 3.55555555555555
U0031029: 2.33333333333333
U0031031: 2.94444444444445
U0031033: 3.88888888888889
U0031034: 2.83333333333333
U0031035: 3
U0031036: 4.38888888888889
U0031037: 2.61111111111111
U0031038: 2.66666666666667
U0031039: 3.55555555555555
U0031040: 2.88888888888889
U0031041: 3.5
U0031042: 2.66666666666667
U0031043: 2.44444444444445
U0031044: 3.83333333333333
U0031045: 3.55555555555555
U0031047: 2.94444444444445
U0031048: 3.22222222222222
U0031049: 4.38888888888889
U9831006: 3.33333333333333
U9831038: 0
U9831144: 2.83333333333333
U9831152: 2.22222222222222
U9931129: 3.22222222222222
U9931152: 2.22222222222222
