---
T9833024: 3.44444444444444
T9833026: 3.66666666666667
U9931001: 3.22222222222222
U9931002: 3.22222222222222
U9931003: 3.44444444444444
U9931004: 2.77777777777778
U9931006: 3.44444444444444
U9931007: 3.44444444444444
U9931012: 3.66666666666667
U9931013: 3.66666666666667
U9931014: 3.22222222222222
U9931015: 3.66666666666667
U9931017: 5
U9931025: 3.44444444444444
U9931026: 3.44444444444444
U9931028: 5
U9931029: 5
U9931032: 3.22222222222222
U9931034: 5
U9931037: 3.66666666666667
U9931039: 5
U9931041: 2.77777777777778
U9931042: 3.44444444444444
U9931043: 3.44444444444444
U9931101: 5
U9931102: 4.33333333333333
U9931103: 3.22222222222222
U9931105: 4.33333333333333
U9931109: 5
U9931110: 5
U9931111: 3.44444444444444
U9931125: 3.66666666666667
U9931127: 3.66666666666667
U9931129: 3.44444444444444
U9931130: 3.66666666666667
U9931133: 3.22222222222222
U9931134: 3.44444444444444
U9931138: 3.66666666666667
U9931139: 5
U9931140: 3.66666666666667
U9931142: 4.33333333333333
U9931143: 3.44444444444444
U9931145: 3.66666666666667
U9931146: 2.77777777777778
U9931149: 3.66666666666667
