---
B04140028: 0
B04200108: 5
B04202201: 5
B04202204: 4
B05200006: 4.5
B05200012: 5
B05200016: 3.5
B05200019: 5
B05200023: 4.5
B05200027: 4.16666666666667
B05200030: 4.66666666666667
B05200033: 4.5
B05200037: 4.5
B05200042: 5
B05200047: 5
B05200053: 4
B05200063: 4
B05200065: 4
B05200069: 0
B05200073: 4.27777777777778
B05200077: 2.77777777777778
B05200083: 0
B05200089: 5
B06202103: 5
B06202105: 4.5
B06202107: 4.5
