---
B05200083: 0
B05200069: 0
B04140028: 0

B04200108: 5
B04202201: 5
B04202204: 3
B05200006: 5
B05200012: 5
B05200016: 3
B05200019: 5
B05200023: 5
B05200027: 4.33333333333333
B05200030: 4.33333333333333
B05200033: 5
B05200037: 5
B05200042: 5
B05200047: 5
B05200053: 3
B05200063: 3
B05200065: 3
B05200073: 4.55555555555556
B05200077: 4.55555555555556
B05200089: 5
B06202103: 5
B06202105: 5
B06202107: 5
