---
U0131117: 0
U0143010: 3.72222222222222
U0143020: 4.32407407407407
V0041008: 2.80555555555555
V0041042: 2.88888888888889
V0041046: 3.12037037037037
V0041062: 2.33333333333333
V0041066: 4.08333333333333
V0141001: 4.04629629629629
V0141002: 3.72222222222222
V0141003: 3.44444444444445
V0141008: 4.27777777777778
V0141009: 2.50925925925926
V0141011: 3.39814814814815
V0141012: 3.21296296296296
V0141016: 3.35185185185185
V0141017: 2.73148148148148
V0141018: 4.13888888888888
V0141019: 3.27777777777778
V0141021: 1.94444444444445
V0141022: 2.70370370370371
V0141023: 2.5
V0141025: 3.38888888888889
V0141026: 4.03703703703703
V0141029: 4.13888888888888
V0141035: 3.28703703703703
V0141036: 2.43518518518519
V0141037: 4.56481481481481
V0141038: 3.12037037037037
V0141041: 3.13888888888889
V0141046: 3.35185185185185
V0141048: 3.47222222222222
V0141049: 3.25925925925926
V0141051: 2.40740740740741
V0141052: 4.28703703703703
V0141053: 2.87962962962963
V0141054: 3.04629629629629
V0141055: 2.72222222222222
V0141059: 4
V0141060: 3.87962962962963
V0141061: 3.66666666666667
V0141064: 1.86111111111111
V0241045: 3.07407407407408
V0241046: 2.93518518518519
