---
U0131117: 0

U0143010: 3
U0143020: 3.83333333333333
V0041008: 2.83333333333333
V0041042: 3
V0041046: 3.83333333333333
V0041062: 3
V0041066: 4.5
V0141001: 3.83333333333333
V0141002: 3
V0141003: 3
V0141008: 4.66666666666667
V0141009: 1.5
V0141011: 3.83333333333333
V0141012: 3.83333333333333
V0141016: 3
V0141017: 2.5
V0141018: 3.83333333333333
V0141019: 2.66666666666667
V0141021: 1.66666666666667
V0141022: 3
V0141023: 1.66666666666667
V0141025: 4
V0141026: 4
V0141029: 3.83333333333333
V0141035: 2.5
V0141036: 2.83333333333333
V0141037: 4.5
V0141038: 3.83333333333333
V0141041: 3.5
V0141046: 4.66666666666667
V0141048: 2.5
V0141049: 3
V0141051: 1.66666666666667
V0141052: 4.5
V0141053: 1.5
V0141054: 3.5
V0141055: 2.66666666666667
V0141059: 4.66666666666667
V0141060: 3.5
V0141061: 4
V0141064: 1.5
V0241045: 3
V0241046: 3.83333333333333
