---
V0041022: 0
V0041040: 4.41666666666667
V0041055: 4.08333333333333
V0141001: 2.08333333333333
V0141002: 2.5
V0141003: 4.08333333333333
V0141008: 4.91666666666667
V0141009: 4.58333333333333
V0141011: 4.5
V0141012: 4.75
V0141016: 4.25
V0141017: 4.5
V0141018: 4.25
V0141019: 4.5
V0141021: 4.08333333333333
V0141022: 4.08333333333333
V0141023: 4.08333333333333
V0141025: 4.5
V0141026: 4.5
V0141028: 4.08333333333333
V0141029: 4.41666666666667
V0141035: 4.08333333333333
