---
V0041022: 0

V0041040: 4.83333333333333
V0041055: 4.16666666666667
V0141001: 4.16666666666667
V0141002: 5
V0141003: 4.16666666666667
V0141008: 4.83333333333333
V0141009: 4.16666666666667
V0141011: 5
V0141012: 4.5
V0141016: 4.5
V0141017: 5
V0141018: 4.5
V0141019: 5
V0141021: 4.16666666666667
V0141022: 4.16666666666667
V0141023: 4.16666666666667
V0141025: 5
V0141026: 5
V0141028: 4.16666666666667
V0141029: 4.83333333333333
V0141035: 4.16666666666667
