---
V0241033: 3.91666666666667
V0241034: 4.25
V0241037: 3.91666666666667
V0241038: 3.75
V0241039: 4.5
V0241041: 3.91666666666667
V0241042: 2.5
V0241044: 4.5
V0241045: 4.5
V0241046: 4.5
V0241063: 0
V0241064: 4.5
V0241065: 3.91666666666667
V0241066: 3.91666666666667
V0241067: 3.91666666666667
