---
9622299: 3.73333333333333
N9661749: 3.23333333333333
N9661754: 3.73333333333333
N9661760: 1.73333333333333
V9724004: 3.46666666666667
V9741030: 3.23333333333333
V9741066: 3.6
V9841001: 3.13333333333333
V9841025: 3.6
V9941001: 3.33333333333333
V9941003: 3.73333333333333
V9941005: 2.66666666666667
V9941007: 3.46666666666667
V9941010: 3.33333333333333
V9941011: 1.73333333333333
V9941012: 2.9
V9941013: 1.73333333333333
V9941014: 2.9
V9941015: 3.13333333333333
V9941022: 3.53333333333333
V9941023: 3.2
V9941025: 3.73333333333333
V9941026: 3.33333333333333
V9941027: 3.53333333333333
V9941029: 3.46666666666667
V9941031: 3.73333333333333
V9941032: 3.73333333333333
V9941033: 3.6
V9941036: 2.66666666666667
V9941037: 3.23333333333333
V9941040: 3.73333333333333
V9941043: 3.53333333333333
V9941044: 3.73333333333333
V9941045: 2.66666666666667
V9941046: 1.73333333333333
V9941047: 3.46666666666667
V9941049: 3.6
V9941050: 3.73333333333333
V9941057: 3.73333333333333
V9941059: 3.13333333333333
V9941060: 2.9
V9941062: 3.53333333333333
V9941067: 3.2
V9941068: 2.66666666666667
V9941069: 2.9
V9941071: 3.33333333333333
V9941073: 3.73333333333333
V9941075: 3.2
V9941076: 3.73333333333333
