---
V0241004: 69.0733333333333
V0241014: 100
V0241017: 81.295
V0241022: 100
V0241024: 79.63
V0241026: 48.7033333333333
V0241029: 91.1116666666667
V0241030: 92.9616666666667
V0241031: 75.74
V0241032: 83.7016666666667
V0241034: 85.185
V0241037: 88.3333333333333
V0241038: 77.595
V0241039: 98.15
V0241041: 50.5533333333333
V0241064: 90.74
V0241066: 80.9283333333333
V0241067: 73.5183333333333
