---
V0241063: 0

V0241033: 3.83333333333333
V0241034: 3.5
V0241037: 3.83333333333333
V0241038: 3.5
V0241039: 4
V0241041: 3.83333333333333
V0241042: 4
V0241044: 4
V0241045: 5
V0241046: 5
V0241064: 5
V0241065: 3.83333333333333
V0241066: 3.83333333333333
V0241067: 3.83333333333333
