---
V0241004: 2.83333333333333
V0241014: 5
V0241017: 3.5
V0241022: 5
V0241024: 5
V0241026: 2.83333333333333
V0241029: 4.66666666666667
V0241030: 4.66666666666667
V0241031: 3.5
V0241032: 4.66666666666667
V0241034: 5
V0241037: 3.83333333333333
V0241038: 3.5
V0241039: 5
V0241041: 2.83333333333333
V0241064: 5
V0241066: 3.83333333333333
V0241067: 3.83333333333333
