---
U0031032: 2.38888888888889
U0031046: 3
U0034001: 2.38888888888889
U0034002: 2.61111111111111
U0034003: 3
U0034004: 1.94444444444445
U0034005: 3.11111111111111
U0034006: 2.44444444444445
U0034007: 1.83333333333334
U0034008: 3.61111111111111
U0034009: 3
U0034010: 2.05555555555555
U0034011: 2.72222222222222
U0034012: 4.11111111111111
U0034013: 3.33333333333333
U0034014: 3.11111111111111
U0034015: 2.16666666666667
U0034016: 2.61111111111111
U0034017: 2.88888888888889
U0034023: 2.88888888888889
U0034024: 1.44444444444445
U0034025: 4.11111111111111
U0034026: 2.61111111111111
U0034027: 1.38888888888889
U0034028: 1.66666666666666
U0034029: 3.88888888888889
U0034030: 1.88888888888889
U0034031: 1.16666666666666
U0034032: 2.66666666666667
U0034033: 2.38888888888889
U0034034: 2.27777777777778
U0034035: 3.61111111111111
U0034036: 2.72222222222222
U0034037: 3.11111111111111
U0034038: 2.22222222222222
U0034040: 2.38888888888889
U0034042: 4.11111111111111
U0034043: 3.22222222222222
U0034044: 3.11111111111111
U0034045: 2.88888888888889
U0034046: 1.77777777777778
U0034049: 2.22222222222222
U0034050: 3.55555555555555
U0034051: 1.66666666666666
U0034055: 2.88888888888889
U0034056: 2.61111111111111
U9816059: 0
U9816062: 0
U9834018: 2.38888888888889
U9933033: 2.72222222222222
U9934004: 2.27777777777778
U9934026: 2.16666666666667
