---
U9734051: 2.33333333333333
U9834017: 3.55555555555555
U9913132: 3.88888888888889
U9933147: 3.11111111111111
U9934001: 4.05555555555556
U9934002: 2.83333333333333
U9934003: 4.77777777777778
U9934004: 3.77777777777778
U9934005: 3.61111111111111
U9934006: 4.66666666666667
U9934007: 4.05555555555556
U9934009: 4.11111111111111
U9934010: 3.33333333333333
U9934011: 4
U9934012: 4.33333333333333
U9934013: 3.83333333333333
U9934015: 4.27777777777778
U9934016: 2.88888888888889
U9934017: 3.83333333333333
U9934019: 4.33333333333333
U9934020: 3.38888888888889
U9934021: 4.5
U9934022: 3.38888888888889
U9934023: 4.5
U9934024: 3.94444444444445
U9934025: 4.11111111111111
U9934026: 4.44444444444444
U9934027: 4.05555555555556
U9934028: 3.44444444444445
U9934029: 2.44444444444445
U9934030: 4.66666666666667
U9934031: 4.05555555555556
U9934032: 4
U9934033: 3.5
U9934034: 3.5
U9934036: 3.72222222222222
U9934037: 3.72222222222222
U9934038: 2.44444444444445
U9934039: 4.05555555555556
U9934040: 4.33333333333333
U9934043: 4.11111111111111
U9934044: 4.5
U9934045: 4
U9934046: 4.66666666666667
U9934047: 3
U9934048: 3.88888888888889
U9934050: 3.38888888888889
U9934051: 3.11111111111111
U9934052: 3.72222222222222
