---
U9734051: 1.66666666666667
U9834017: 4.11111111111111
U9913132: 2.77777777777778
U9933147: 3.22222222222222
U9934001: 4.11111111111111
U9934002: 1.66666666666667
U9934003: 4.55555555555556
U9934004: 4.55555555555556
U9934005: 3.22222222222222
U9934006: 4.33333333333333
U9934007: 4.11111111111111
U9934009: 3.22222222222222
U9934010: 3.66666666666667
U9934011: 3
U9934012: 3.66666666666667
U9934013: 3.66666666666667
U9934015: 4.55555555555556
U9934016: 2.77777777777778
U9934017: 3.66666666666667
U9934019: 3.66666666666667
U9934020: 2.77777777777778
U9934021: 5
U9934022: 2.77777777777778
U9934023: 5
U9934024: 3.88888888888889
U9934025: 3.22222222222222
U9934026: 3.88888888888889
U9934027: 4.11111111111111
U9934028: 1.88888888888889
U9934029: 1.88888888888889
U9934030: 4.33333333333333
U9934031: 4.11111111111111
U9934032: 3
U9934033: 3
U9934034: 3
U9934036: 3.44444444444444
U9934037: 3.44444444444444
U9934038: 1.88888888888889
U9934039: 4.11111111111111
U9934040: 3.66666666666667
U9934043: 3.22222222222222
U9934044: 5
U9934045: 3
U9934046: 4.33333333333333
U9934047: 3
U9934048: 2.77777777777778
U9934050: 2.77777777777778
U9934051: 3.22222222222222
U9934052: 3.44444444444444
