---
B00200054: 3.66666666666667
N01200008: 3.66666666666667
N01200021: 5
N01200023: 3.66666666666667
N01200024: 3.66666666666667
N01200025: 3.66666666666667
N01200029: 3.66666666666667
N01200033: 4.11111111111111
N01200035: 3.66666666666667
N01200051: 3.66666666666667
N02202101: 5
N02202106: 4.11111111111111
N02202110: 4.11111111111111
N02202112: 5
N02202114: 3.66666666666667
