---
N00200045: 4.5
N00200059: 4.08333333333333
N01200002: 4.83333333333333
N01200008: 4.16666666666667
N01200021: 4.16666666666667
N01200023: 3.91666666666667
N01200025: 3.91666666666667
N01200029: 4.16666666666667
N01200030: 4.5
N01200033: 3.25
N01200035: 4.33333333333333
N01200038: 5
N01200041: 5
N01200042: 4.33333333333333
N01200046: 3.91666666666667
N01200056: 4.5
N02202101: 3.83333333333333
N02202105: 5
N02202106: 4.08333333333333
N02202110: 4.25
N02202114: 4
N02202201: 4.08333333333333
N03203102: 4
N03203104: 4.33333333333333
N03203105: 3.25
