---
N00200045: 5
N00200059: 4.16666666666667
N01200002: 4.66666666666667
N01200008: 4.33333333333333
N01200021: 4.33333333333333
N01200023: 3.83333333333333
N01200025: 3.83333333333333
N01200029: 4.33333333333333
N01200030: 5
N01200033: 3.5
N01200035: 4.66666666666667
N01200038: 5
N01200041: 5
N01200042: 4.66666666666667
N01200046: 3.83333333333333
N01200056: 5
N02202101: 4.66666666666667
N02202105: 5
N02202106: 4.16666666666667
N02202110: 3.5
N02202114: 5
N02202201: 4.16666666666667
N03203102: 5
N03203104: 4.66666666666667
N03203105: 3.5
