---
U9734051: 3.73333333333334
U9834017: 2.76666666666666
U9913132: 2.4
U9933147: 2.5
U9934001: 2.9
U9934002: 2.9
U9934003: 3.86666666666666
U9934004: 3.7
U9934005: 2.43333333333333
U9934006: 3.5
U9934007: 3.5
U9934009: 2.63333333333334
U9934010: 3.5
U9934011: 3.53333333333333
U9934012: 2.86666666666666
U9934013: 4.03333333333333
U9934015: 3.36666666666666
U9934016: 3.5
U9934017: 2.93333333333333
U9934019: 3.36666666666666
U9934020: 3.13333333333334
U9934021: 3.73333333333334
U9934022: 2.8
U9934023: 4.2
U9934024: 2.5
U9934025: 4.36666666666667
U9934026: 3.86666666666666
U9934027: 2.53333333333333
U9934028: 2.93333333333333
U9934029: 4.4
U9934030: 2.76666666666666
U9934031: 3.43333333333333
U9934032: 2.43333333333333
U9934033: 2.8
U9934034: 2.3
U9934036: 3.2
U9934037: 3.76666666666666
U9934038: 2.4
U9934039: 3.76666666666666
U9934040: 2.76666666666666
U9934043: 3.9
U9934044: 3.5
U9934045: 3.73333333333334
U9934046: 2.63333333333334
U9934047: 2.93333333333333
U9934048: 4
U9934050: 3.7
U9934051: 3.2
U9934052: 3.5
