---
U9734051: 2.46666666666667
U9834017: 3.53333333333333
U9913132: 3.8
U9933147: 3
U9934001: 3.8
U9934002: 3.8
U9934003: 4.73333333333333
U9934004: 3.4
U9934005: 2.86666666666667
U9934006: 5
U9934007: 3
U9934009: 3.26666666666667
U9934010: 3
U9934011: 4.06666666666667
U9934012: 2.73333333333333
U9934013: 4.06666666666667
U9934015: 2.73333333333333
U9934016: 3
U9934017: 2.86666666666667
U9934019: 2.73333333333333
U9934020: 3.26666666666667
U9934021: 2.46666666666667
U9934022: 2.6
U9934023: 3.4
U9934024: 3
U9934025: 4.73333333333333
U9934026: 4.73333333333333
U9934027: 4.06666666666667
U9934028: 2.86666666666667
U9934029: 3.8
U9934030: 3.53333333333333
U9934031: 2.86666666666667
U9934032: 2.86666666666667
U9934033: 2.6
U9934034: 2.6
U9934036: 3.4
U9934037: 3.53333333333333
U9934038: 3.8
U9934039: 3.53333333333333
U9934040: 3.53333333333333
U9934043: 3.8
U9934044: 3
U9934045: 2.46666666666667
U9934046: 3.26666666666667
U9934047: 2.86666666666667
U9934048: 5
U9934050: 3.4
U9934051: 3.4
U9934052: 5
