---
U0031101: 2.88888888888889
U0031102: 1.88888888888889
U0031103: 4.44444444444444
U0031104: 2.55555555555555
U0031105: 2
U0031106: 2.61111111111111
U0031107: 3.61111111111111
U0031108: 0
U0031109: 2.22222222222222
U0031110: 3.16666666666667
U0031111: 3
U0031112: 3.16666666666667
U0031113: 0
U0031114: 4.05555555555556
U0031115: 3.27777777777778
U0031116: 2.5
U0031117: 2.5
U0031118: 3.22222222222222
U0031119: 4.77777777777778
U0031120: 3.22222222222222
U0031122: 2.88888888888889
U0031123: 3.55555555555555
U0031124: 2.72222222222222
U0031126: 2.72222222222222
U0031127: 2.38888888888889
U0031128: 4.77777777777778
U0031129: 4.44444444444444
U0031130: 2.72222222222222
U0031131: 3.77777777777778
U0031132: 2.88888888888889
U0031133: 4.44444444444444
U0031135: 3.16666666666667
U0031136: 2.11111111111111
U0031138: 2.61111111111111
U0031139: 3.11111111111111
U0031140: 2.27777777777778
U0031141: 3.61111111111111
U0031142: 2.61111111111111
U0031143: 2.5
U0031144: 3.77777777777778
U0031145: 3.16666666666667
U0031146: 2.72222222222222
U0031147: 4.66666666666667
U0031150: 2.72222222222222
U0031205: 1.88888888888889
U9931001: 1.61111111111111
U9931248: 2.72222222222222
