---
T9833024: 3.72222222222222
T9833026: 3.83333333333333
U9931001: 3.61111111111111
U9931002: 3.61111111111111
U9931003: 3.72222222222222
U9931004: 3.38888888888889
U9931006: 3.72222222222222
U9931007: 3.72222222222222
U9931012: 3.83333333333333
U9931013: 3.83333333333333
U9931014: 3.61111111111111
U9931015: 3.83333333333333
U9931017: 4.5
U9931025: 3.72222222222222
U9931026: 3.72222222222222
U9931028: 4.5
U9931029: 4.5
U9931032: 4.11111111111111
U9931034: 5
U9931037: 3.83333333333333
U9931039: 4.5
U9931041: 3.38888888888889
U9931042: 3.72222222222222
U9931043: 3.72222222222222
U9931101: 4.5
U9931102: 4.16666666666667
U9931103: 3.61111111111111
U9931105: 4.16666666666667
U9931109: 5
U9931110: 5
U9931111: 3.72222222222222
U9931125: 3.83333333333333
U9931127: 3.83333333333333
U9931129: 3.72222222222222
U9931130: 3.83333333333333
U9931133: 3.61111111111111
U9931134: 3.72222222222222
U9931138: 3.83333333333333
U9931139: 4.5
U9931140: 3.83333333333333
U9931142: 4.16666666666667
U9931143: 3.72222222222222
U9931145: 3.83333333333333
U9931146: 3.38888888888889
U9931149: 3.83333333333333
