---
U0143020: 4.75
V0041008: 4.5
V0041022: 2.41666666666667
V0241001: 4.5
V0241004: 3.91666666666667
V0241014: 4.16666666666667
V0241017: 4.5
V0241022: 3.91666666666667
V0241024: 4.5
V0241029: 4.5
V0241030: 4.25
V0241031: 4.41666666666667
V0241032: 4.75
V0241034: 3.41666666666667
V0241037: 2.5
V0241038: 4
V0241039: 4
V0241041: 4
V0241042: 2.5
V0241044: 3.66666666666667
V0241045: 2
V0241046: 4.41666666666667
V0241066: 4.5
V0241067: 3.66666666666667
