---
U0143020: 4.5
V0041008: 5
V0041022: 4.83333333333333
V0241001: 4
V0241004: 4.83333333333333
V0241014: 3.33333333333333
V0241017: 5
V0241022: 3.83333333333333
V0241024: 5
V0241029: 5
V0241030: 4.5
V0241031: 4.83333333333333
V0241032: 4.5
V0241034: 3.83333333333333
V0241037: 5
V0241038: 4
V0241039: 4
V0241041: 4
V0241042: 5
V0241044: 3.33333333333333
V0241045: 4
V0241046: 3.83333333333333
V0241066: 4
V0241067: 3.33333333333333
