---
U0510005: 0
U0510012: 3.38461538461538
U0516005: 0
U0516008: 4.02564102564103
U0516029: 3.92393162393162
U0516044: 0
U0516048: 3.13888888888889
U0517025: 2.86805555555556
U0517046: 3.69316239316239
U0521133: 3.00555555555556
U0521143: 3.40138888888889
U0531113: 0
U0531144: 3.79572649572649
U0531211: 4.48888888888889
U0533003: 3
U0533016: 2.55416666666667
U0534033: 3.22222222222222
U0534047: 4.70683760683761
U0534048: 0
U0542014: 3.2
U0543040: 3.39230769230769
U0543045: 3.81965811965812
U0557029: 3.48888888888889
U0557037: 0
