---
U0516005: 0
U0516044: 0
U0534048: 0
U0510005: 0
U0557037: 0
U0531113: 0

U0510012: 5
U0516008: 5
U0516029: 2.73333333333333
U0516048: 3.66666666666667
U0517025: 3.66666666666667
U0517046: 2.73333333333333
U0521133: 3.26666666666667
U0521143: 3.26666666666667
U0531144: 2.73333333333333
U0531211: 4.46666666666667
U0533003: 5
U0533016: 2.6
U0534033: 3.66666666666667
U0534047: 4.46666666666667
U0542014: 2.6
U0543040: 2.6
U0543045: 3.26666666666667
U0557029: 4.46666666666667
