---
exercise: skateboard
grade:
  U0510005: 0
  U0510012: 4.15384615384615
  U0516005: 0
  U0516008: 4.07692307692308
  U0516029: 4.03846153846154
  U0516044: 0
  U0516048: 1.75
  U0517025: 1.9375
  U0517046: 4.34615384615385
  U0521133: 1.75
  U0521143: 1.9375
  U0531113: 0
  U0531144: 4.65384615384615
  U0531211: 5
  U0533003: 0
  U0533016: 1.0625
  U0534033: 2
  U0534047: 4.65384615384615
  U0534048: 0
  U0542014: 2
  U0543040: 4.57692307692308
  U0543045: 4.19230769230769
  U0557029: 2
  U0557037: 0
points:
  U0510005:
    answer: 0
    question: 0
    try: 0
  U0510012:
    answer: 6
    question: 6
    try: 8
  U0516005:
    answer: 0
    question: 0
    try: 0
  U0516008:
    answer: 5
    question: 5
    try: 8
  U0516029:
    answer: 3
    question: 3
    try: 11
  U0516044:
    answer: 0
    question: 0
    try: 0
  U0516048:
    answer: 3
    question: 3
    try: 6
  U0517025:
    answer: 3
    question: 3
    try: 9
  U0517046:
    answer: 3
    question: 3
    try: 19
  U0521133:
    answer: 3
    question: 3
    try: 6
  U0521143:
    answer: 3
    question: 3
    try: 9
  U0531113:
    answer: 0
    question: 0
    try: 0
  U0531144:
    answer: 8
    question: 8
    try: 17
  U0531211:
    answer: 8
    question: 8
    try: 26
  U0533003:
    answer: 0
    question: 0
    try: 0
  U0533016:
    answer: 0
    question: 0
    try: 1
  U0534033:
    answer: 3
    question: 3
    try: 10
  U0534047:
    answer: 5
    question: 6
    try: 21
  U0534048:
    answer: 0
    question: 0
    try: 0
  U0542014:
    answer: 3
    question: 3
    try: 10
  U0543040:
    answer: 3
    question: 3
    try: 25
  U0543045:
    answer: 5
    question: 5
    try: 11
  U0557029:
    answer: 3
    question: 3
    try: 10
  U0557037:
    answer: 0
    question: 0
    try: 0
report: |+
  correct: 0
  grammatical: 2
  try: 1
  Player     Question Grammatical Answers   Total     Grade
  U0510005       0        0         0         0        0.0
  U0510012       8        6         6        20        4.2
  U0516005       0        0         0         0        0.0
  U0516008       8        5         5        18        4.1
  U0516029      11        3         3        17        4.0
  U0516044       0        0         0         0        0.0
  U0516048       6        3         3        12        1.8
  U0517025       9        3         3        15        1.9
  U0517046      19        3         3        25        4.3
  U0521133       6        3         3        12        1.8
  U0521143       9        3         3        15        1.9
  U0531113       0        0         0         0        0.0
  U0531144      17        8         8        33        4.7
  U0531211      26        8         8        42        5.0
  U0533003       0        0         0         0        0.0
  U0533016       1        0         0         1        1.1
  U0534033      10        3         3        16        2.0
  U0534047      21        6         5        33        4.7
  U0534048       0        0         0         0        0.0
  U0542014      10        3         3        16        2.0
  U0543040      25        3         3        31        4.6
  U0543045      11        5         5        21        4.2
  U0557029      10        3         3        16        2.0
  U0557037       0        0         0         0        0.0
  Class Totals
             Question Grammatical Answers   Total     Grade
               207         68        67       343      3.2
---
U0510005: 0
U0510012: 4.15384615384615
U0516005: 0
U0516008: 4.07692307692308
U0516029: 4.03846153846154
U0516044: 0
U0516048: 1.75
U0517025: 1.9375
U0517046: 4.34615384615385
U0521133: 1.75
U0521143: 1.9375
U0531113: 0
U0531144: 4.65384615384615
U0531211: 5
U0533003: 0
U0533016: 1.0625
U0534033: 2
U0534047: 4.65384615384615
U0534048: 0
U0542014: 2
U0543040: 4.57692307692308
U0543045: 4.19230769230769
U0557029: 2
U0557037: 0
