---
V0241004: 3.96666666666667
V0241008: 4.23333333333334
V0241064: 4.23333333333334
V0341001: 2.93333333333333
V0341003: 2.9
V0341004: 3
V0341005: 4.23333333333334
V0341009: 3.6
V0341010: 3.2
V0341011: 3.73333333333334
V0341012: 2.93333333333333
V0341013: 3.6
V0341015: 3.36666666666666
V0341016: 3.33333333333333
V0341017: 3.83333333333333
V0341019: 3.2
V0341021: 3.33333333333333
V0341022: 3.4
V0341023: 3.4
V0341024: 4.23333333333334
V0341025: 2.83333333333333
V0341027: 3.46666666666667
V0341029: 3.33333333333333
V0341031: 3.46666666666667
V0341032: 2.86666666666666
V0341033: 2.93333333333333
V0341034: 3.73333333333334
V0341035: 3.2
V0341036: 0
V0341037: 3
V0341039: 3.6
V0341041: 2.93333333333333
V0341044: 3
V0341046: 2.93333333333333
V0341051: 2.86666666666666
V0341052: 3.43333333333333
