---
V0241004: 3.83333333333333
V0241008: 2
V0241064: 4.16666666666667
V0341001: 2.66666666666667
V0341003: 2.75
V0341004: 2.75
V0341005: 2
V0341009: 3.5
V0341010: 3
V0341011: 3.66666666666667
V0341012: 2.66666666666667
V0341013: 3.5
V0341015: 3.08333333333333
V0341016: 3.16666666666667
V0341017: 3.66666666666667
V0341019: 3
V0341021: 3.16666666666667
V0341022: 3.25
V0341023: 3.25
V0341024: 2
V0341025: 2.66666666666667
V0341027: 3.33333333333333
V0341029: 3.16666666666667
V0341031: 3.33333333333333
V0341032: 2.58333333333333
V0341033: 2.66666666666667
V0341034: 3.66666666666667
V0341035: 3
V0341036: 0
V0341037: 2.75
V0341039: 3.5
V0341041: 2.66666666666667
V0341044: 2.75
V0341046: 2.66666666666667
V0341047: 0
V0341051: 2.58333333333333
V0341052: 3.16666666666667
