---
V0341047: 0
V0341036: 0

V0241004: 3.93333333333333
V0241008: 4.46666666666667
V0241064: 4.46666666666667
V0341001: 2.86666666666667
V0341003: 3.8
V0341004: 3
V0341005: 4.46666666666667
V0341009: 4.2
V0341010: 3.4
V0341011: 4.46666666666667
V0341012: 2.86666666666667
V0341013: 4.2
V0341015: 2.73333333333333
V0341016: 3.66666666666667
V0341017: 3.66666666666667
V0341019: 3.4
V0341021: 3.66666666666667
V0341022: 3.8
V0341023: 3.8
V0341024: 4.46666666666667
V0341025: 3.66666666666667
V0341027: 3.93333333333333
V0341029: 3.66666666666667
V0341031: 3.93333333333333
V0341032: 2.73333333333333
V0341033: 2.86666666666667
V0341034: 4.46666666666667
V0341035: 3.4
V0341037: 3
V0341039: 4.2
V0341041: 2.86666666666667
V0341044: 3
V0341046: 2.86666666666667
V0341051: 2.73333333333333
V0341052: 2.86666666666667
