---
V0041039: 4.4
V0041053: 4.1074074074074
V0141013: 3.68888888888889
V9741064: 4.28148148148148
V9741065: 4.33703703703704
V9841002: 3.91111111111111
V9841006: 3.27407407407408
V9841010: 4.61481481481481
V9841011: 3.93703703703703
V9841013: 4.1
V9841020: 4.7074074074074
V9841022: 3.63333333333333
V9841027: 3.56666666666666
V9841028: 4.18888888888888
V9841030: 4.1074074074074
V9841031: 4.28148148148148
V9841040: 4.0037037037037
V9841048: 2.9962962962963
V9841049: 2.90370370370371
V9841050: 4.74814814814815
V9841051: 4.52222222222222
V9841053: 3.13333333333333
V9841054: 4.56296296296297
V9841058: 3.08888888888889
