---
T9823041: 3.13333333333333
V9741044: 3.4
V9741064: 3.4
V9841010: 3.93333333333333
V9841011: 3
V9841022: 3.4
V9841025: 3.93333333333333
V9841028: 4.2
V9841042: 3.26666666666667
V9841049: 3.13333333333333
V9941001: 4.2
V9941007: 3
V9941011: 4.6
V9941012: 4.6
V9941013: 3.26666666666667
V9941015: 3
V9941022: 3
V9941026: 4.2
V9941027: 3.93333333333333
V9941029: 4.2
V9941037: 4.6
V9941040: 4.2
V9941047: 3
V9941049: 4.6
V9941050: 4.6
V9941059: 3.26666666666667
V9941067: 4.2
V9941075: 4.6
