---
V0041039: 3.8
V0041053: 3.4
V0141013: 4.6
V9741064: 3.93333333333333
V9741065: 4.6
V9841002: 3.93333333333333
V9841006: 3.4
V9841010: 4.6
V9841011: 3.8
V9841013: 4.86666666666667
V9841020: 4.6
V9841022: 3.93333333333333
V9841027: 3.8
V9841028: 3.93333333333333
V9841030: 3.4
V9841031: 3.93333333333333
V9841040: 3.93333333333333
V9841048: 3.4
V9841049: 3.4
V9841050: 4.86666666666667
V9841051: 4.6
V9841053: 4.6
V9841054: 4.86666666666667
V9841058: 3.4
