---
T9823041: 5
V9741044: 4.62962962962963
V9741064: 4.62962962962963
V9841010: 3.88888888888889
V9841011: 4.25925925925926
V9841022: 4.62962962962963
V9841025: 2.03703703703704
V9841028: 4.62962962962963
V9841042: 4.62962962962963
V9841049: 4.25925925925926
V9941001: 1.66666666666667
V9941007: 4.07407407407407
V9941011: 5
V9941012: 5
V9941013: 4.44444444444444
V9941015: 5
V9941022: 4.44444444444444
V9941026: 3.51851851851852
V9941027: 4.25925925925926
V9941029: 5
V9941037: 5
V9941040: 4.62962962962963
V9941047: 4.81481481481481
V9941049: 2.40740740740741
V9941050: 2.59259259259259
V9941059: 2.03703703703704
V9941060: 0
V9941067: 4.07407407407407
V9941075: 3.51851851851852
V9941077: 0
