---
V0041066: 4
V0141062: 4.5
V0241008: 3.83333333333333
V0341001: 4.08333333333333
V0341003: 2.66666666666667
V0341004: 1.83333333333334
V0341005: 4.58333333333333
V0341010: 4.66666666666667
V0341011: 4.08333333333333
V0341012: 3.83333333333333
V0341015: 1.83333333333334
V0341016: 3.33333333333333
V0341017: 0
V0341019: 4.66666666666667
V0499145: 4.5
