---
V0341027: 0

V0341001: 57.3333333333333
V0341005: 59.3333333333333
V0341010: 51.8333333333333
V0341011: 0
V0341012: 62
V0341015: 56
V0341016: 89.3333333333333
V0341019: 0
V0341025: 68.3333333333333
V0341033: 0
V0341034: 85.8333333333333
V0341037: 68.8333333333333
V0341051: 57.8333333333333
