---
V0341019: 0
V0341011: 0
V0341033: 0

V0341001: 66.6666666666667
V0341005: 56.6666666666667
V0341010: 66.6666666666667
V0341012: 50
V0341015: 50
V0341016: 86.6666666666667
V0341025: 66.6666666666667
V0341034: 86.6666666666667
V0341037: 86.6666666666667
V0341051: 56.6666666666667
