---
V0341017: 0

V0041066: 4
V0141062: 4
V0241008: 2.66666666666667
V0341001: 4.16666666666667
V0341003: 4.33333333333333
V0341004: 2.66666666666667
V0341005: 4.16666666666667
V0341010: 4.33333333333333
V0341011: 4.16666666666667
V0341012: 2.66666666666667
V0341015: 2.66666666666667
V0341016: 2.66666666666667
V0341019: 4.33333333333333
V0499145: 4
