---
N01200047: 4.1814
N03200006: 3.1108
N03200010: 2.83305
N03200011: 1.83315
N03200016: 4.4541
N03200018: 4.242
N03200034: 3.7774
N03200036: 4.082925
N03203105: 2.83305
N03203201: 4.49955
N04200001: 2.9997
N04200003: 4.4541
N04200005: 3.416325
N04200010: 3.9996
N04200014: 4.16625
N04200022: 4.37835
N04200025: 3.1108
N04200029: 3.16635
N04200032: 3.49965
N04200041: 2.805275
N04200043: 1.49985
N04200045: 2.16645
N04200049: 4.71165
N04200051: 1.805375
N04200055: 3.62085
N04200057: 4.83285
N04200060: 2.471975
N05202101: 1.49985
N05202103: 3.416325
N05262101: 3.92385
