---
N01200047: 3.5
N03200006: 2.83333333333333
N03200010: 2.5
N03200011: 3.5
N03200016: 4.5
N03200018: 4.5
N03200034: 2.83333333333333
N03200036: 4.5
N03203105: 2.5
N03203201: 4.5
N04200001: 2.5
N04200003: 4.5
N04200005: 4.5
N04200010: 5
N04200014: 3.5
N04200022: 5
N04200025: 2.83333333333333
N04200029: 4.5
N04200032: 4.5
N04200041: 2.16666666666667
N04200043: 4.5
N04200045: 2.5
N04200049: 5
N04200051: 2.16666666666667
N04200055: 2.5
N04200057: 4.5
N04200060: 2.16666666666667
N05202101: 4.5
N05202103: 4.5
N05262101: 2.5
