---
T9833024: 3.16666666666667
T9833026: 4.1
U9931001: 4.66666666666667
U9931002: 4.16666666666667
U9931003: 4.16666666666667
U9931004: 3.4
U9931006: 3.8
U9931007: 4.8
U9931012: 3.43333333333333
U9931013: 2.16666666666667
U9931014: 3.8
U9931015: 3.13333333333334
U9931017: 3.56666666666667
U9931025: 3.43333333333333
U9931026: 4.3
U9931028: 3.8
U9931029: 3.66666666666667
U9931032: 3.9
U9931034: 4.8
U9931037: 3.13333333333334
U9931039: 4.2
U9931041: 4.06666666666666
U9931042: 3.66666666666667
U9931043: 2.86666666666666
U9931101: 4.8
U9931102: 3.16666666666667
U9931103: 2.93333333333333
U9931105: 3.63333333333334
U9931109: 4.66666666666667
U9931110: 2.66666666666667
U9931111: 4.2
U9931125: 4.8
U9931127: 3.4
U9931129: 2.86666666666666
U9931130: 3.86666666666666
U9931133: 3.7
U9931134: 3.2
U9931138: 4.2
U9931139: 4.2
U9931140: 4.6
U9931142: 2.66666666666667
U9931143: 4.1
U9931145: 3.06666666666667
U9931146: 2.66666666666667
U9931149: 4.8
