---
T9833008: 2.33333333333333
T9833024: 3
T9833026: 3.83333333333333
U9816024: 3.83333333333333
U9913132: 1.83333333333333
U9933147: 3.83333333333333
U9934001: 2.33333333333333
U9934002: 3.16666666666667
U9934003: 4.33333333333333
U9934004: 3.33333333333333
U9934005: 3.16666666666667
U9934006: 1.83333333333333
U9934007: 3.66666666666667
U9934009: 1.83333333333333
U9934010: 2.33333333333333
U9934011: 3.83333333333333
U9934012: 3.66666666666667
U9934013: 3.83333333333333
U9934015: 3.66666666666667
U9934016: 1.83333333333333
U9934017: 2.66666666666667
U9934019: 3
U9934020: 2.66666666666667
U9934021: 2.66666666666667
U9934022: 3.66666666666667
U9934023: 3.83333333333333
U9934024: 4.33333333333333
U9934025: 2.33333333333333
U9934026: 2.33333333333333
U9934027: 1.83333333333333
U9934028: 3.33333333333333
U9934029: 2.66666666666667
U9934030: 3.33333333333333
U9934031: 1.83333333333333
U9934032: 3.66666666666667
U9934033: 3.33333333333333
U9934034: 3.16666666666667
U9934036: 3.66666666666667
U9934037: 1.83333333333333
U9934038: 3.83333333333333
U9934039: 3.16666666666667
U9934040: 3
U9934043: 2.33333333333333
U9934044: 3.83333333333333
U9934045: 3.66666666666667
U9934046: 4.33333333333333
U9934047: 4.33333333333333
U9934048: 3
U9934050: 2.33333333333333
U9934051: 3.66666666666667
