---
T9833024: 4
T9833026: 2.6
U9931001: 2.6
U9931002: 3.3
U9931003: 2.6
U9931004: 2.6
U9931006: 3.16666666666667
U9931007: 3.83333333333333
U9931012: 3.5
U9931013: 4.2
U9931014: 4.2
U9931015: 3.5
U9931017: 3.86666666666666
U9931025: 3.33333333333333
U9931026: 3
U9931028: 4.4
U9931029: 3.6
U9931032: 3.8
U9931034: 3.5
U9931037: 2.73333333333334
U9931039: 3.5
U9931041: 3.86666666666666
U9931042: 3.8
U9931043: 3.8
U9931101: 4
U9931102: 3.8
U9931103: 2.73333333333334
U9931105: 3.66666666666667
U9931109: 3.5
U9931110: 3.66666666666667
U9931111: 3.3
U9931125: 2.6
U9931127: 4.8
U9931129: 4
U9931130: 4.4
U9931133: 3.83333333333333
U9931134: 4.8
U9931138: 3.8
U9931139: 4.8
U9931140: 4.8
U9931142: 3.86666666666666
U9931143: 4.2
U9931145: 4.4
U9931146: 2.73333333333334
U9931149: 4.8
