---
T9833024: 3
T9833026: 2.2
U9931001: 2.2
U9931002: 2.6
U9931003: 2.2
U9931004: 2.2
U9931006: 2.33333333333333
U9931007: 3.66666666666667
U9931012: 3
U9931013: 3.4
U9931014: 3.4
U9931015: 3
U9931017: 3.73333333333333
U9931025: 3.66666666666667
U9931026: 3
U9931028: 3.8
U9931029: 2.2
U9931032: 4.6
U9931034: 3
U9931037: 1.46666666666667
U9931039: 3
U9931041: 3.73333333333333
U9931042: 2.6
U9931043: 4.6
U9931101: 3
U9931102: 4.6
U9931103: 1.46666666666667
U9931105: 2.33333333333333
U9931109: 3
U9931110: 2.33333333333333
U9931111: 2.6
U9931125: 2.2
U9931127: 4.6
U9931129: 3
U9931130: 3.8
U9931133: 3.66666666666667
U9931134: 4.6
U9931138: 4.6
U9931139: 4.6
U9931140: 4.6
U9931142: 3.73333333333333
U9931143: 3.4
U9931145: 3.8
U9931146: 1.46666666666667
U9931149: 4.6
