---
B04200066: 2.99706868421053
B05200009: 4.9995
B05200013: 0
B05200018: 4.56382928571428
B05200022: 2.51992342105263
B05200026: 3.61367368421053
B05200032: 4.19005714285714
B05200036: 4.51383428571428
B05200043: 2.9997
B05200048: 3.28037368421053
B05200054: 4.19256315789474
B05200058: 4.72333714285714
B05200066: 3.92943157894737
B05200070: 3.049695
B05200074: 4.3329
B05200078: 1.716495
B05200082: 4.24518947368421
B05200086: 4.74238285714286
B05200092: 4.10485263157895
B05210064: 3.15143921052632
B06202101: 4.34242285714286
B06202102: 3.40316842105263
B06202104: 2.70148421052632
B06202106: 4.31535789473684
