---
U0022016: 3
U0031001: 2.66666666666667
U0031002: 3.33333333333333
U0031003: 2
U0031004: 2.66666666666667
U0031005: 2.66666666666667
U0031006: 2
U0031007: 3.33333333333333
U0031008: 3.33333333333333
U0031009: 2.33333333333333
U0031010: 2.33333333333333
U0031011: 2.33333333333333
U0031012: 2.33333333333333
U0031013: 2
U0031014: 2.33333333333333
U0031016: 2.66666666666667
U0031017: 2.66666666666667
U0031018: 3.66666666666667
U0031020: 1.33333333333333
U0031022: 3.33333333333333
U0031024: 2.66666666666667
U0031025: 2.66666666666667
U0031026: 4
U0031027: 2.66666666666667
U0031028: 2.66666666666667
U0031029: 2.66666666666667
U0031031: 2.66666666666667
U0031033: 2.33333333333333
U0031034: 2.66666666666667
U0031035: 2.66666666666667
U0031036: 2.66666666666667
U0031037: 1.33333333333333
U0031038: 1.33333333333333
U0031039: 3
U0031040: 4
U0031041: 3
U0031042: 2.33333333333333
U0031043: 2.66666666666667
U0031044: 2.33333333333333
U0031045: 4
U0031047: 3.66666666666667
U0031049: 2.33333333333333
U9831144: 2.66666666666667
U9831152: 2.66666666666667
U9931129: 3.33333333333333
U9931152: 3.66666666666667
