---
V0341021: 0
V0341022: 2.5
V0341024: 2.83333333333333
V0341025: 2.33333333333333
V0341027: 2.83333333333333
V0341031: 2.5
V0341033: 2.33333333333333
V0341034: 2.33333333333333
V0341035: 2.83333333333333
V0341036: 2.83333333333333
V0341037: 0
V0341039: 2.33333333333333
V0341044: 2.25
V0341051: 4.5
V0341052: 4.25
