---
V0241008: 4.16666666666667
V0341001: 4.16666666666667
V0341005: 4.25
V0341011: 4.5
V0341015: 4.25
V0341019: 4
V0341024: 3.66666666666667
V0341027: 4.5
V0341033: 4.75
V0341035: 3.66666666666667
V0341037: 3.75
V0341044: 0
V0341052: 3.66666666666667
