---
V0341001: 76.8333333333333
V0341005: 75.3333333333333
V0341010: 70.3333333333333
V0341011: 62.8333333333333
V0341012: 71.6666666666667
V0341015: 70.1666666666667
V0341016: 65
V0341019: 72.1666666666667
V0341025: 66.3333333333333
V0341027: 84.6666666666667
V0341033: 75.6666666666667
V0341034: 68.5
V0341037: 63.8333333333333
V0341051: 66.1666666666667
