---
V0341021: 0
V0341037: 0

V0341022: 4
V0341024: 3.66666666666667
V0341025: 3.66666666666667
V0341027: 3.66666666666667
V0341031: 4
V0341033: 3.66666666666667
V0341034: 3.66666666666667
V0341035: 3.66666666666667
V0341036: 3.66666666666667
V0341039: 3.66666666666667
V0341044: 3.5
V0341051: 4
V0341052: 3.5
