---
V0341044: 0

V0241008: 3.33333333333333
V0341001: 3.33333333333333
V0341005: 4.5
V0341011: 4
V0341015: 4.5
V0341019: 4
V0341024: 3.33333333333333
V0341027: 4
V0341033: 4.5
V0341035: 3.33333333333333
V0341037: 3.5
V0341044: 3.5
V0341052: 3.33333333333333
