---
V0341001: 76.6666666666667
V0341005: 76.6666666666667
V0341010: 66.6666666666667
V0341011: 66.6666666666667
V0341012: 73.3333333333333
V0341015: 63.3333333333333
V0341016: 60
V0341019: 63.3333333333333
V0341025: 66.6666666666667
V0341027: 73.3333333333333
V0341033: 63.3333333333333
V0341034: 60
V0341037: 76.6666666666667
V0341051: 73.3333333333333
