---
V9741022: 1.93333333333333
V9841002: 1.93333333333333
V9841008: 0
V9841031: 2.8
V9841042: 4.8
V9841049: 1.93333333333333
V9916050: 4.3
V9941003: 0
V9941007: 4.1
V9941011: 4.26666666666666
V9941013: 3.76666666666666
V9941015: 3.66666666666667
V9941023: 3.66666666666667
V9941026: 3.8
V9941029: 4.66666666666667
V9941032: 3.93333333333333
V9941036: 0
V9941040: 0
V9941045: 4.16666666666667
V9941047: 3.43333333333333
V9941050: 3.43333333333333
V9941059: 4.3
V9941062: 4.1
V9941068: 4.8
V9941071: 4.1
V9941075: 4.16666666666667
