---
N99200010: 0
N99200014: 0
N99200030: 0
N99200035: 0
N99200039: 0
N99200041: 0
N99200045: 0

N00202003: 4.22222222222222
N00202103: 3.55555555555556
N96200019: 3.88888888888889
N97080093: 4.11111111111111
N99200002: 3.77777777777778
N99200004: 3.33333333333333
N99200005: 4.44444444444444
N99200007: 4.55555555555556
N99200008: 4.88888888888889
N99200009: 4.22222222222222
N99200011: 3.55555555555556
N99200012: 4.11111111111111
N99200013: 4.44444444444444
N99200016: 4.33333333333333
N99200019: 4.88888888888889
N99200020: 3.33333333333333
N99200021: 3.77777777777778
N99200022: 4.55555555555556
N99200023: 4.55555555555556
N99200024: 3.88888888888889
N99200025: 3.33333333333333
N99200027: 4.33333333333333
N99200028: 4.11111111111111
N99200032: 4.55555555555556
N99200033: 4.22222222222222
N99200036: 3.55555555555556
N99200047: 4.88888888888889
N99200050: 4.44444444444444
N99200051: 4.55555555555556
