---
U0010040: 3.43333333333333
U0114037: 3.16666666666667
U0114045: 3.16666666666667
U0131020: 3.43333333333333
U0131034: 3.43333333333333
U0214036: 1.5
U9816041: 3.16666666666667
U9816049: 0
U9933028: 0.5
