---
U0123013: 0
U0214007: 0
U9816049: 0
U0214036: 0
U9933028: 0


U0010040: 4.86666666666667
U0114037: 4.33333333333333
U0114045: 4.33333333333333
U0131020: 4.86666666666667
U0131034: 4.86666666666667
U9816041: 4.33333333333333
