---
B04200066: 4.5
B05140116: 0
B05200009: 4.77777777777778
B05200013: 4.33333333333333
B05200018: 2.27777777777778
B05200022: 4.38888888888889
B05200026: 4.11111111111111
B05200032: 4.33333333333333
B05200036: 3.83333333333333
B05200043: 2.38888888888889
B05200048: 4.38888888888889
B05200054: 5
B05200058: 2.27777777777778
B05200066: 4.77777777777778
B05200070: 3.83333333333333
B05200074: 3.83333333333333
B05200078: 4.55555555555556
B05200082: 4.88888888888889
B05200086: 4.38888888888889
B05200092: 4.88888888888889
B05210064: 3.61111111111111
B06202101: 3.61111111111111
B06202102: 4.55555555555556
B06202104: 4.55555555555556
B06202106: 4.5
U06100101: 4.27777777777778
