---
B05140116: 0

B04200066: 5
B05200009: 4.55555555555556
B05200013: 3.66666666666667
B05200018: 4.55555555555556
B05200022: 4.77777777777778
B05200026: 3.22222222222222
B05200032: 3.66666666666667
B05200036: 3.66666666666667
B05200043: 4.77777777777778
B05200048: 4.77777777777778
B05200054: 5
B05200058: 4.55555555555556
B05200066: 4.55555555555556
B05200070: 3.66666666666667
B05200074: 3.66666666666667
B05200078: 4.11111111111111
B05200082: 4.77777777777778
B05200086: 4.77777777777778
B05200092: 4.77777777777778
B05210064: 3.22222222222222
B06202101: 3.22222222222222
B06202102: 4.11111111111111
B06202104: 4.11111111111111
B06202106: 5
U06100101: 4.55555555555556
