---
U9933001: 3.33333333333333
U9933003: 2.66666666666667
U9933005: 3.5
U9933006: 3.33333333333333
U9933008: 3.5
U9933010: 3.5
U9933011: 2.83333333333333
U9933017: 2.83333333333333
U9933020: 3.5
U9933022: 3.33333333333333
U9933023: 3.5
U9933024: 3.33333333333333
U9933025: 3.5
U9933026: 3.33333333333333
U9933027: 2.66666666666667
U9933029: 3.5
U9933030: 3.5
U9933031: 3.5
U9933033: 3.5
U9933037: 3.5
U9933038: 2.66666666666667
U9933039: 2.83333333333333
U9933041: 3.33333333333333
U9933044: 2.66666666666667
U9933045: 3.33333333333333
U9933107: 3.33333333333333
U9933108: 3.33333333333333
U9933109: 3
U9933116: 3
U9933126: 3.33333333333333
U9933136: 3.5
U9933138: 3.33333333333333
U9933139: 2.83333333333333
U9933143: 3
