---
U0022016: 2.66666666666667
U0031001: 2.66666666666667
U0031002: 2.83333333333333
U0031003: 2.5
U0031004: 2.66666666666667
U0031005: 2.66666666666667
U0031006: 3
U0031007: 3.16666666666667
U0031008: 3
U0031009: 2.5
U0031010: 2.66666666666667
U0031011: 3
U0031012: 3
U0031013: 3
U0031014: 2.5
U0031016: 3
U0031017: 2.66666666666667
U0031018: 2.83333333333333
U0031020: 2.66666666666667
U0031022: 2.33333333333333
U0031024: 2.66666666666667
U0031025: 2.83333333333333
U0031026: 2.16666666666667
U0031027: 2.83333333333333
U0031028: 3.16666666666667
U0031029: 2.83333333333333
U0031031: 2.5
U0031033: 2.5
U0031034: 2.33333333333333
U0031035: 2.66666666666667
U0031036: 2.16666666666667
U0031037: 2.66666666666667
U0031038: 1.83333333333334
U0031039: 2
U0031040: 2.5
U0031041: 2.33333333333333
U0031042: 2.66666666666667
U0031043: 2.16666666666667
U0031044: 3
U0031045: 2.5
U0031047: 2.83333333333333
U0031048: 2.33333333333333
U0031049: 3
U9831006: 1
U9831144: 2.33333333333333
U9831152: 1.16666666666666
U9931129: 2
U9931152: 2
