---
T9833024: 2.33333333333333
T9833026: 4.2
U9931001: 4.33333333333333
U9931002: 4.33333333333333
U9931003: 4.33333333333333
U9931004: 3.8
U9931006: 4.6
U9931007: 4.6
U9931012: 2.86666666666667
U9931013: 2.33333333333333
U9931014: 4.6
U9931015: 3.26666666666667
U9931017: 3.13333333333333
U9931025: 2.86666666666667
U9931026: 4.6
U9931028: 4.6
U9931029: 4.33333333333333
U9931032: 3.8
U9931034: 4.6
U9931037: 3.26666666666667
U9931039: 3.4
U9931041: 3.13333333333333
U9931042: 4.33333333333333
U9931043: 2.73333333333333
U9931101: 4.6
U9931102: 2.33333333333333
U9931103: 2.86666666666667
U9931105: 3.26666666666667
U9931109: 4.33333333333333
U9931110: 2.33333333333333
U9931111: 3.4
U9931125: 4.6
U9931127: 3.8
U9931129: 2.73333333333333
U9931130: 2.73333333333333
U9931133: 3.4
U9931134: 3.4
U9931138: 3.4
U9931139: 3.4
U9931140: 4.2
U9931142: 2.33333333333333
U9931143: 4.2
U9931145: 3.13333333333333
U9931146: 2.33333333333333
U9931149: 4.6
