---
exercise: motorcycle_vocab_learning_progress
grade:
  V0141003: 0
  V0141008: 0.666666666666667
  V0141009: 2
  V0141011: 0.666666666666667
  V0141012: 1.33333333333333
  V0141016: 0.666666666666667
  V0141017: 0.666666666666667
  V0141018: 2
  V0141019: 0
  V0141021: 1.33333333333333
  V0141022: 0
  V0141023: 1.33333333333333
  V0141025: 1.33333333333333
  V0141026: 1.33333333333333
  V0141028: 1.33333333333333
  V0141029: 1.33333333333333
  V0141035: 0
  V0141036: 1.33333333333333
  V0141037: 2
  V0141041: 0
  V0141046: 1.33333333333333
  V0141048: 1.33333333333333
  V0141050: 2
  V0141051: 0.666666666666667
  V0141052: 2
  V0141053: 1.33333333333333
  V0141054: 1.33333333333333
  V0141055: 0
  V0141059: 1.33333333333333
  V0141061: 1.33333333333333
  V9941077: 2
points:
  Monday:
    V0141003: 0
    V0141008: 0
    V0141009: 2
    V0141011: 2
    V0141012: 2
    V0141016: 2
    V0141017: 2
    V0141018: 2
    V0141019: 0
    V0141021: 2
    V0141022: 0
    V0141023: 2
    V0141025: 2
    V0141026: 2
    V0141028: 2
    V0141029: 2
    V0141035: 0
    V0141036: 2
    V0141037: 2
    V0141041: 0
    V0141046: 2
    V0141048: 2
    V0141050: 2
    V0141051: 2
    V0141052: 2
    V0141053: 2
    V0141054: 2
    V0141055: 0
    V0141059: 2
    V0141061: 2
    V9941077: 2
  Saturday:
    V0141003: 0
    V0141008: 2
    V0141009: 2
    V0141011: 0
    V0141012: 2
    V0141016: 0
    V0141017: 0
    V0141018: 2
    V0141019: 0
    V0141021: 2
    V0141022: 0
    V0141023: 2
    V0141025: 2
    V0141026: 2
    V0141028: 2
    V0141029: 2
    V0141035: 0
    V0141036: 2
    V0141037: 2
    V0141041: 0
    V0141046: 2
    V0141048: 2
    V0141050: 2
    V0141051: 0
    V0141052: 2
    V0141053: 2
    V0141054: 2
    V0141055: 0
    V0141059: 0
    V0141061: 2
    V9941077: 2
  Wednesday:
    V0141003: 0
    V0141008: 0
    V0141009: 2
    V0141011: 0
    V0141012: 0
    V0141016: 0
    V0141017: 0
    V0141018: 2
    V0141019: 0
    V0141021: 0
    V0141022: 0
    V0141023: 0
    V0141025: 0
    V0141026: 0
    V0141028: 0
    V0141029: 0
    V0141035: 0
    V0141036: 0
    V0141037: 2
    V0141041: 0
    V0141046: 0
    V0141048: 0
    V0141050: 2
    V0141051: 0
    V0141052: 2
    V0141053: 0
    V0141054: 0
    V0141055: 0
    V0141059: 2
    V0141061: 0
    V9941077: 2
