---
V0141036: 4.58333333333333
V0141037: 4.33333333333333
V0141038: 0
V0141041: 4.08333333333333
V0141046: 4.33333333333333
V0141048: 3.83333333333333
V0141049: 4.33333333333333
V0141050: 3.83333333333333
V0141051: 0
V0141052: 4.08333333333333
V0141053: 4.08333333333333
V0141054: 3.83333333333333
V0141055: 3.33333333333333
V0141058: 4.5
V0141059: 4.58333333333333
V0141060: 4.08333333333333
V0141061: 4
V0141064: 0
V0141065: 0
V9941077: 4.58333333333333
