---
V0141051: 0
V0141038: 0
V0141065: 0
V0141064: 0

V0141036: 4.16666666666667
V0141037: 4.66666666666667
V0141041: 4.16666666666667
V0141046: 3.66666666666667
V0141048: 3.66666666666667
V0141049: 4.66666666666667
V0141050: 3.66666666666667
V0141052: 4.16666666666667
V0141053: 4.16666666666667
V0141054: 4.66666666666667
V0141055: 3.66666666666667
V0141058: 4
V0141059: 4.16666666666667
V0141060: 3.16666666666667
V0141061: 4
V9941077: 4.16666666666667
