---
U0014139: 4.75
U0033001: 4.16666666666667
U0033002: 3.41666666666667
U0033003: 3.25
U0033004: 4.16666666666667
U0033005: 3.33333333333333
U0033006: 2.25
U0033008: 3.25
U0033009: 2.91666666666667
U0033010: 2.66666666666667
U0033012: 3.16666666666667
U0033013: 2.83333333333333
U0033014: 3.83333333333333
U0033015: 4.16666666666667
U0033016: 4.16666666666667
U0033018: 3.66666666666667
U0033019: 4.75
U0033020: 4.5
U0033022: 4.75
U0033023: 4.16666666666667
U0033024: 3
U0033029: 3.25
U0033030: 3.5
U0033031: 2.83333333333333
U0033032: 4
U0033033: 3.83333333333333
U0033034: 3.5
U0033035: 3
U0033036: 4
U0033037: 2
U0033039: 2.66666666666667
U0033040: 2.66666666666667
U0033042: 4.33333333333333
U0033133: 3
U0033135: 3
U0033136: 2.16666666666667
U0033137: 2.91666666666667
U0033139: 2
