---
U0014139: 4.5
U0033001: 3.33333333333333
U0033002: 3.83333333333333
U0033003: 3.5
U0033004: 3.33333333333333
U0033005: 3.66666666666667
U0033006: 3.5
U0033008: 3.5
U0033009: 3.83333333333333
U0033010: 3.33333333333333
U0033012: 4.33333333333333
U0033013: 3.66666666666667
U0033014: 4.66666666666667
U0033015: 3.33333333333333
U0033016: 3.33333333333333
U0033018: 4.33333333333333
U0033019: 4.5
U0033020: 5
U0033022: 4.5
U0033023: 4.33333333333333
U0033024: 4
U0033029: 3.5
U0033030: 4
U0033031: 3.66666666666667
U0033032: 5
U0033033: 4.66666666666667
U0033034: 3
U0033035: 3
U0033036: 5
U0033037: 3
U0033039: 3.33333333333333
U0033040: 3.33333333333333
U0033042: 4.66666666666667
U0033133: 3
U0033135: 4
U0033136: 3.33333333333333
U0033137: 3.83333333333333
U0033139: 3
