---
T9833026: 0
T9833038: 2.11111111111111
U0014139: 3
U0033001: 2
U0033002: 2.72222222222222
U0033003: 2.11111111111111
U0033004: 4.22222222222222
U0033005: 3.38888888888889
U0033006: 3.11111111111111
U0033008: 3.27777777777778
U0033009: 2
U0033010: 2.27777777777778
U0033012: 4
U0033013: 3
U0033014: 2.66666666666667
U0033015: 3.38888888888889
U0033016: 3
U0033018: 3.11111111111111
U0033019: 3.38888888888889
U0033020: 3.61111111111111
U0033022: 3
U0033023: 3
U0033024: 1.77777777777778
U0033029: 3
U0033030: 1.16666666666666
U0033031: 2.11111111111111
U0033032: 2.16666666666667
U0033033: 2.38888888888889
U0033034: 2.77777777777778
U0033035: 2.88888888888889
U0033036: 4.22222222222222
U0033037: 2.5
U0033039: 3.94444444444445
U0033040: 3.38888888888889
U0033042: 1.77777777777778
U0033133: 3.44444444444445
U0033135: 3
U0033136: 3
U0033137: 4.44444444444444
U0033139: 2.61111111111111
U9933035: 2.61111111111111
