---
U0014139: 4
U0033001: 2
U0033002: 2.66666666666667
U0033003: 3.83333333333333
U0033004: 4.16666666666667
U0033005: 4.5
U0033006: 3.5
U0033008: 3.16666666666667
U0033009: 3.5
U0033010: 3.33333333333333
U0033012: 3.16666666666667
U0033013: 3.16666666666667
U0033014: 4.5
U0033015: 4
U0033016: 4.16666666666667
U0033018: 4.16666666666667
U0033019: 2.66666666666667
U0033020: 4.5
U0033022: 3.83333333333333
U0033023: 3.16666666666667
U0033024: 3.16666666666667
U0033029: 2.66666666666667
U0033030: 3.83333333333333
U0033031: 3.16666666666667
U0033032: 3.16666666666667
U0033033: 2.66666666666667
U0033034: 3.83333333333333
U0033035: 4.66666666666667
U0033036: 2.83333333333333
U0033037: 4
U0033039: 4.5
U0033040: 4.66666666666667
U0033042: 2.5
U0033133: 3.83333333333333
U0033135: 4.16666666666667
U0033136: 3.83333333333333
U0033137: 3.33333333333333
U0033139: 5
