---
U0014139: 5
U0033001: 1
U0033002: 2.33333333333333
U0033003: 3.66666666666667
U0033004: 4.33333333333333
U0033005: 5
U0033006: 3
U0033008: 2.33333333333333
U0033009: 3
U0033010: 3.66666666666667
U0033012: 2.33333333333333
U0033013: 2.33333333333333
U0033014: 5
U0033015: 5
U0033016: 4.33333333333333
U0033018: 4.33333333333333
U0033019: 2.33333333333333
U0033020: 5
U0033022: 3.66666666666667
U0033023: 2.33333333333333
U0033024: 2.33333333333333
U0033029: 2.33333333333333
U0033030: 3.66666666666667
U0033031: 2.33333333333333
U0033032: 2.33333333333333
U0033033: 2.33333333333333
U0033034: 3.66666666666667
U0033035: 4.33333333333333
U0033036: 1.66666666666667
U0033037: 5
U0033039: 5
U0033040: 4.33333333333333
U0033042: 1
U0033133: 3.66666666666667
U0033135: 4.33333333333333
U0033136: 3.66666666666667
U0033137: 3.66666666666667
U0033139: 5
