---
U0031101: 1.33333333333333
U0031102: 2.33333333333333
U0031103: 2.66666666666667
U0031104: 3
U0031105: 3
U0031106: 0
U0031107: 2.33333333333333
U0031108: 5
U0031109: 2.33333333333333
U0031110: 5
U0031111: 2.66666666666667
U0031112: 2.66666666666667
U0031113: 2.33333333333333
U0031114: 2.66666666666667
U0031115: 3.33333333333333
U0031117: 3
U0031118: 2.66666666666667
U0031119: 2.33333333333333
U0031120: 1.33333333333333
U0031122: 2.33333333333333
U0031123: 2.33333333333333
U0031124: 3
U0031126: 3
U0031127: 3
U0031128: 4.33333333333333
U0031129: 3
U0031130: 2.66666666666667
U0031131: 3.33333333333333
U0031132: 3.33333333333333
U0031133: 4.33333333333333
U0031135: 3
U0031136: 4.33333333333333
U0031138: 3.33333333333333
U0031139: 3
U0031140: 2.33333333333333
U0031141: 2.33333333333333
U0031142: 3
U0031143: 2.33333333333333
U0031144: 2.33333333333333
U0031145: 3.33333333333333
U0031146: 3
U0031147: 2.33333333333333
U0031150: 3.33333333333333
U0031205: 2.66666666666667
U9931001: 2.33333333333333
U9931248: 5
