---
K220155482: 3.12666666666667
M0210002: 0
U0017024: 3.18
U0018027: 2.86
U0018046: 3.18
U0031213: 0
U0042012: 3.23333333333334
U0042031: 0
U0042041: 3.23333333333334
U0042050: 3.18
U0043001: 3.18
U0043004: 3.12666666666667
U0043033: 3.12666666666667
U0122002: 2.86
U0222133: 3.23333333333334
U0222228: 3.12666666666667
U9911237: 2.5
U9911242: 0
U9917017: 3.12666666666667
U9923120: 3.12666666666667
U9923121: 2.86
U9943007: 3.18
U9943019: 3.18
