---
T9833008: 3.16666666666667
T9833024: 3.16666666666667
T9833026: 3.16666666666667
U9816024: 4
U9913132: 3.66666666666667
U9933147: 3.16666666666667
U9934001: 3.33333333333333
U9934002: 3.16666666666667
U9934003: 4.5
U9934004: 3.33333333333333
U9934005: 3.16666666666667
U9934006: 5
U9934007: 3.33333333333333
U9934009: 2.33333333333333
U9934010: 3.66666666666667
U9934011: 3.33333333333333
U9934012: 3.66666666666667
U9934013: 3.66666666666667
U9934015: 4.5
U9934016: 3.66666666666667
U9934017: 5
U9934019: 3.33333333333333
U9934020: 3.33333333333333
U9934021: 3.33333333333333
U9934022: 2.33333333333333
U9934023: 4
U9934024: 3.83333333333333
U9934025: 3.33333333333333
U9934026: 0
U9934027: 3.16666666666667
U9934028: 4
U9934029: 3.33333333333333
U9934030: 3.33333333333333
U9934031: 2.33333333333333
U9934032: 3.66666666666667
U9934033: 4
U9934034: 3.66666666666667
U9934036: 2.33333333333333
U9934037: 3.83333333333333
U9934038: 3.66666666666667
U9934039: 3.83333333333333
U9934040: 3.33333333333333
U9934043: 5
U9934044: 4.5
U9934045: 5
U9934046: 0
U9934047: 0
U9934048: 0
U9934050: 4.5
U9934051: 3.33333333333333
