---
U9734051: 2.66666666666667
U9834017: 3.72222222222222
U9913132: 3.11111111111111
U9933147: 3.77777777777778
U9934001: 4.11111111111111
U9934002: 4.44444444444444
U9934003: 3.11111111111111
U9934004: 3.61111111111111
U9934005: 4
U9934006: 4
U9934007: 2.66666666666667
U9934009: 3.61111111111111
U9934010: 3.77777777777778
U9934011: 4
U9934012: 3
U9934013: 3.22222222222222
U9934015: 4.22222222222222
U9934016: 2
U9934017: 3.5
U9934019: 4
U9934020: 3.38888888888889
U9934021: 3.72222222222222
U9934022: 4.11111111111111
U9934023: 3.72222222222222
U9934024: 4.44444444444444
U9934025: 3.88888888888889
U9934026: 3.27777777777778
U9934027: 3.38888888888889
U9934028: 4.22222222222222
U9934029: 3
U9934030: 3
U9934031: 2.22222222222222
U9934032: 3.61111111111111
U9934033: 3.38888888888889
U9934034: 1.66666666666666
U9934036: 3.72222222222222
U9934037: 4.44444444444444
U9934038: 3
U9934039: 3.72222222222222
U9934040: 4
U9934043: 4.11111111111111
U9934044: 3.16666666666667
U9934045: 3.22222222222222
U9934046: 2.88888888888889
U9934047: 3.22222222222222
U9934048: 2.88888888888889
U9934050: 3.61111111111111
U9934051: 3.22222222222222
U9934052: 4
