---
U9734051: 2.33333333333333
U9834017: 3.44444444444444
U9913132: 3.22222222222222
U9933147: 2.55555555555556
U9934001: 3.22222222222222
U9934002: 3.88888888888889
U9934003: 3.22222222222222
U9934004: 3.22222222222222
U9934005: 3
U9934006: 3
U9934007: 2.33333333333333
U9934009: 3.22222222222222
U9934010: 2.55555555555556
U9934011: 3
U9934012: 3
U9934013: 3.44444444444444
U9934015: 3.44444444444444
U9934016: 3
U9934017: 3
U9934019: 3
U9934020: 2.77777777777778
U9934021: 3.44444444444444
U9934022: 3.22222222222222
U9934023: 3.44444444444444
U9934024: 3.88888888888889
U9934025: 2.77777777777778
U9934026: 2.55555555555556
U9934027: 2.77777777777778
U9934028: 3.44444444444444
U9934029: 3
U9934030: 3
U9934031: 3.44444444444444
U9934032: 3.22222222222222
U9934033: 2.77777777777778
U9934034: 2.33333333333333
U9934036: 3.44444444444444
U9934037: 3.88888888888889
U9934038: 3
U9934039: 3.44444444444444
U9934040: 3
U9934043: 3.22222222222222
U9934044: 2.33333333333333
U9934045: 3.44444444444444
U9934046: 2.77777777777778
U9934047: 3.44444444444444
U9934048: 2.77777777777778
U9934050: 3.22222222222222
U9934051: 3.44444444444444
U9934052: 3
