---
U0510005: 4.59001019367992
U0510012: 3.82222222222222
U0516005: 3.84729867482161
U0516008: 4.21518858307849
U0516029: 4.14464831804281
U0516044: 4.20152905198777
U0516048: 4.52905198776758
U0517025: 1.3348623853211
U0517046: 3.98695208970438
U0521133: 4.46228338430173
U0521143: 4.13047910295617
U0531113: 0
U0531144: 4.2
U0531211: 4.23492063492064
U0533003: 0
U0533016: 2.97460317460317
U0534033: 3.43174603174603
U0534047: 3.68571428571429
U0534048: 0
U0542014: 4.37737003058104
U0543040: 4.30254841997961
U0543045: 4.41743119266055
U0557029: 3.91457696228339
U0557037: 4.23139653414883
