---
U0531113: 0
U0533003: 0
U0534048: 0
U0517025: 0

U0510005: 4.73333333333333
U0510012: 4.46666666666667
U0516005: 3.26666666666667
U0516008: 4.46666666666667
U0516029: 4.2
U0516044: 4.6
U0516048: 5
U0517046: 3.93333333333333
U0521133: 3.66666666666667
U0521143: 3.66666666666667
U0531144: 4.6
U0531211: 4.46666666666667
U0533016: 4.73333333333333
U0534033: 4.2
U0534047: 4.2
U0542014: 4.6
U0543040: 4.73333333333333
U0543045: 5
U0557029: 3.26666666666667
U0557037: 3.66666666666667
