---
B04202201: 0
B04202204: 0
B05200078: 0
B06080105: 2.7775
B06200005: 2.45579304347826
B06200007: 3.0576652173913
B06200009: 0
B06200011: 1.3332
B06200013: 3.48177739130435
B06200015: 2.9997
B06200019: 3.41415130434783
B06200023: 4.9995
B06200025: 3.54264086956521
B06200027: 3.333
B06200029: 1.7776
B06200031: 3.72716347826087
B06200035: 1.78919304347826
B06200037: 1.7776
B06200041: 3.28952608695652
B06200043: 1.7776
B06200046: 0
B06200048: 0
B06200052: 2.7775
B06200058: 3.48370956521739
B06200061: 2.90502347826087
B06200063: 2.97458173913043
B06200067: 2.62292608695652
B06200069: 0
B06200071: 2.92820956521739
B06200073: 0
B06200080: 2.5553
B06200081: 4.22566434782609
B06209101: 0
B06210041: 3.04607217391304
B07202101: 4.9995
B07202102: 3.333
B07202103: 3.43733739130435
B07202104: 3.3909652173913
B07202107: 3.49530260869565
B07202108: 2.88183739130435
B07202110: 2.8886
B07202112: 4.65460695652174
B07202114: 3.66340173913044
B07202117: 3.18325652173913
