---
B04202201: 0
B04202204: 0
B05200078: 0
B06080105: 1.7776
B06200005: 1.45589304347826
B06200007: 2.0577652173913
B06200009: 0
B06200011: 1.3332
B06200013: 2.48187739130435
B06200015: 1.9998
B06200019: 2.41425130434783
B06200023: 4.9995
B06200025: 2.54274086956522
B06200027: 2.3331
B06200029: 1.7776
B06200031: 2.72726347826087
B06200035: 1.78919304347826
B06200037: 1.7776
B06200041: 2.28962608695652
B06200043: 1.7776
B06200046: 0
B06200048: 0
B06200052: 1.7776
B06200058: 2.48380956521739
B06200061: 1.90512347826087
B06200063: 1.97468173913043
B06200067: 1.62302608695652
B06200069: 0
B06200071: 1.92830956521739
B06200073: 0
B06200080: 1.5554
B06200081: 3.22576434782609
B06209101: 0
B06210041: 2.04617217391304
B07202101: 4.9995
B07202102: 2.3331
B07202103: 2.43743739130435
B07202104: 2.3910652173913
B07202107: 2.49540260869565
B07202108: 1.88193739130435
B07202110: 1.8887
B07202112: 3.65470695652174
B07202114: 2.66350173913044
B07202117: 2.18335652173913
