---
'': 0
B04202201: 0
B04202204: 0
B05200078: 0
B06080105: 4.33333333333333
B06200005: 3.33333333333333
B06200007: 5
B06200009: 0
B06200011: 0
B06200013: 4.33333333333333
B06200015: 5
B06200019: 5
B06200023: 5
B06200025: 4.33333333333333
B06200027: 5
B06200029: 4.33333333333333
B06200031: 5
B06200035: 4.33333333333333
B06200037: 4.33333333333333
B06200041: 5
B06200043: 4.33333333333333
B06200046: 0
B06200048: 0
B06200052: 3.33333333333333
B06200058: 5
B06200061: 4.33333333333333
B06200063: 4.33333333333333
B06200067: 3
B06200069: 0
B06200071: 4.33333333333333
B06200073: 0
B06200080: 3.66666666666667
B06200081: 5
B06209101: 0
B06210041: 5
B07202101: 5
B07202102: 5
B07202103: 5
B07202104: 5
B07202107: 5
B07202108: 4.33333333333333
B07202110: 3.66666666666667
B07202112: 5
B07202114: 3
B07202117: 4.33333333333333
