---
U9831119: 0
T9831003: 4.5
T9831015: 5
T9831018: 3.16666666666667
T9831023: 5
T9831030: 5
U9742047: 3.16666666666667
U9831002: 4.5
U9831005: 3
U9831006: 2.83333333333333
U9831007: 5
U9831012: 4.5
U9831016: 4.83333333333333
U9831018: 3
U9831021: 5
U9831024: 5
U9831028: 5
U9831035: 3
U9831039: 5
U9831040: 2.66666666666667
U9831043: 5
U9831044: 2.83333333333333
U9831046: 3
U9831049: 2.66666666666667
U9831102: 5
U9831106: 2.83333333333333
U9831109: 5
U9831110: 2.66666666666667
U9831112: 3
U9831114: 2.66666666666667
U9831116: 5
U9831122: 4.83333333333333
U9831124: 3.16666666666667
U9831127: 5
U9831128: 4.83333333333333
U9831130: 2.83333333333333
U9831131: 4.83333333333333
U9831132: 4.5
U9831135: 3
U9831138: 5
U9831140: 3
U9831143: 3
U9831144: 3.16666666666667
U9831147: 5
