---
T9831003: 4.33333333333333
T9831015: 4.33333333333333
T9831018: 4.33333333333333
T9831023: 3.16666666666667
T9831030: 5
U9742047: 3.66666666666667
U9831002: 3
U9831005: 5
U9831006: 3.66666666666667
U9831007: 3.66666666666667
U9831012: 3.66666666666667
U9831016: 4.33333333333333
U9831018: 3.66666666666667
U9831021: 5
U9831024: 3.66666666666667
U9831028: 5
U9831035: 3.66666666666667
U9831039: 3.66666666666667
U9831040: 4.33333333333333
U9831043: 3.66666666666667
U9831044: 3
U9831046: 5
U9831049: 3.66666666666667
U9831102: 5
U9831106: 3
U9831109: 5
U9831110: 4.33333333333333
U9831112: 4.33333333333333
U9831114: 4.33333333333333
U9831116: 3
U9831119: 3
U9831122: 3.16666666666667
U9831124: 4.33333333333333
U9831127: 4.33333333333333
U9831128: 3
U9831130: 3
U9831131: 3.16666666666667
U9831132: 3.66666666666667
U9831135: 5
U9831138: 4.33333333333333
U9831140: 3
U9831143: 3.16666666666667
U9831144: 3.66666666666667
U9831147: 4.33333333333333
