---
B04200066: 3.5
B05140116: 0
B05200009: 4.66666666666667
B05200013: 4.33333333333333
B05200018: 3.83333333333333
B05200022: 3.5
B05200026: 3.83333333333333
B05200032: 4.66666666666667
B05200036: 4.33333333333333
B05200043: 3.83333333333333
B05200048: 4
B05200054: 4
B05200058: 3.5
B05200066: 4.33333333333333
B05200070: 3.83333333333333
B05200074: 4.33333333333333
B05200078: 3.88888888888889
B05200082: 3.38888888888889
B05200086: 4.33333333333333
B05200092: 3.88888888888889
B05210064: 2.5
B06202101: 2.5
B06202102: 4
B06202104: 2.5
B06202106: 4.33333333333333
U06100101: 4.66666666666667
