---
B05140116: 0

B04200066: 3
B05200009: 4.33333333333333
B05200013: 3.66666666666667
B05200018: 3.66666666666667
B05200022: 3
B05200026: 3.66666666666667
B05200032: 4.33333333333333
B05200036: 3.66666666666667
B05200043: 3.66666666666667
B05200048: 3
B05200054: 3
B05200058: 3
B05200066: 3.66666666666667
B05200070: 3.66666666666667
B05200074: 3.66666666666667
B05200078: 2.77777777777778
B05200082: 2.77777777777778
B05200086: 3.66666666666667
B05200092: 2.77777777777778
B05210064: 1
B06202101: 1
B06202102: 3
B06202104: 1
B06202106: 3.66666666666667
U06100101: 4.33333333333333
