---
N99200045: 0
N00202003: 3.88888888888889
N00202103: 3.88888888888889
N96200019: 3.44444444444444
N97080093: 3.66666666666667
N99200002: 4
N99200004: 4.33333333333333
N99200005: 3.44444444444444
N99200007: 3.88888888888889
N99200008: 4.33333333333333
N99200009: 3.33333333333333
N99200010: 3.88888888888889
N99200011: 3.88888888888889
N99200012: 3.44444444444444
N99200013: 4.33333333333333
N99200014: 3.66666666666667
N99200016: 3.77777777777778
N99200019: 3.11111111111111
N99200020: 3.11111111111111
N99200021: 4.33333333333333
N99200022: 4
N99200023: 4.33333333333333
N99200024: 3.44444444444444
N99200025: 4
N99200027: 3.66666666666667
N99200028: 3.11111111111111
N99200030: 4
N99200032: 4
N99200033: 3.33333333333333
N99200035: 3.44444444444444
N99200036: 4
N99200039: 3.77777777777778
N99200041: 3.66666666666667
N99200047: 4.33333333333333
N99200050: 3.88888888888889
N99200051: 3.44444444444444
