---
U0516005: 4.1
U0516008: 4.1
U0516029: 4.1
U0516044: 4.23333333333334
U0516048: 2.46666666666667
U0517025: 2.8
U0517046: 2.46666666666667
U0531113: 4.86666666666667
U0531144: 4.86666666666667
U0531211: 4.36666666666667
U0533003: 4.23333333333334
U0533016: 4.73333333333334
U0534033: 3.96666666666667
U0534047: 4.46666666666667
U0534048: 3.96666666666667
U0542014: 4.46666666666667
U0557029: 4.3
U0557037: 4.3
