---
U0516005: 4.2
U0516008: 4.2
U0516029: 4.2
U0516044: 4.46666666666667
U0516048: 3.93333333333333
U0517025: 4.6
U0517046: 3.93333333333333
U0531113: 4.73333333333333
U0531144: 4.73333333333333
U0531211: 4.73333333333333
U0533003: 4.46666666666667
U0533016: 4.46666666666667
U0534033: 3.93333333333333
U0534047: 3.93333333333333
U0534048: 3.93333333333333
U0542014: 3.93333333333333
U0557029: 4.6
U0557037: 4.6
