---
T9831030: 3.66666666666667
U0031032: 4.16666666666667
U0031046: 3.33333333333333
U0034001: 4.83333333333333
U0034002: 3
U0034003: 3.5
U0034004: 3.66666666666667
U0034005: 3
U0034006: 4.83333333333333
U0034007: 3.5
U0034008: 3.33333333333333
U0034009: 3.5
U0034010: 3
U0034011: 3.66666666666667
U0034012: 3
U0034013: 3.5
U0034014: 3.5
U0034015: 3.5
U0034016: 3.5
U0034017: 3.66666666666667
U0034023: 3.83333333333333
U0034024: 3.66666666666667
U0034025: 4.33333333333333
U0034026: 3.33333333333333
U0034027: 3.33333333333333
U0034028: 3.33333333333333
U0034029: 4.33333333333333
U0034030: 3
U0034031: 3.33333333333333
U0034032: 3.33333333333333
U0034033: 4.16666666666667
U0034034: 3.33333333333333
U0034035: 4.33333333333333
U0034036: 3.66666666666667
U0034037: 3.33333333333333
U0034038: 3.5
U0034040: 3.66666666666667
U0034042: 3.66666666666667
U0034043: 4.83333333333333
U0034044: 3
U0034045: 3
U0034046: 3
U0034049: 3.33333333333333
U0034050: 3.83333333333333
U0034051: 3.83333333333333
U0034055: 3.5
U0034056: 3.33333333333333
U9733015: 3.66666666666667
U9834018: 3.33333333333333
