---
B03200025: 0
B04200010: 0
B04200022: 0
B06060001: 4.7411925
B06200003: 4.79952
B06200008: 0
B06200012: 0
B06200018: 4.32179
B06200024: 0
B06200028: 4.849515
B06200032: 4.5551
B06200038: 4.1301425
B06200047: 0
B06200059: 0
B06200064: 0
B06200068: 0
B06200072: 4.6412025
B06200078: 0
B07202109: 2.5553
B07202113: 4.53288
