---
B02200005: 3.25
B02200013: 3.33333333333333
B02200017: 5
B02200023: 4.5
B02200027: 4
B02200031: 4.41666666666667
B02200035: 2.33333333333333
B02200039: 3
B02200050: 4.5
B02200058: 4.33333333333333
B02200066: 4.58333333333333
B02200068: 4.58333333333333
B02200072: 2.41666666666667
B02200076: 0
B02200082: 4.08333333333333
B02200090: 3.5
B02200102: 3.41666666666667
B02200106: 2.25
