---
B02200076: 0

B02200005: 3.5
B02200013: 3.66666666666667
B02200017: 5
B02200023: 5
B02200027: 5
B02200031: 3.83333333333333
B02200035: 3.66666666666667
B02200039: 5
B02200050: 5
B02200058: 3.66666666666667
B02200066: 4.16666666666667
B02200068: 4.16666666666667
B02200072: 3.83333333333333
B02200082: 4.16666666666667
B02200090: 5
B02200102: 3.83333333333333
B02200106: 3.5
