---
B03200025: 0
B04200010: 0
B04200022: 0
B06060001: 5
B06200003: 5
B06200008: 0
B06200012: 0
B06200018: 4.66666666666667
B06200024: 0
B06200028: 5
B06200032: 4.66666666666667
B06200038: 3.66666666666667
B06200047: 0
B06200059: 0
B06200064: 0
B06200068: 0
B06200072: 5
B06200078: 0
B07202109: 3.66666666666667
B07202113: 5
