---
V0041008: 4.5
V0041042: 4.5
V0141001: 4.5
V0141062: 5
V0241001: 5
V0241004: 4.5
V0241014: 5
V0241017: 4.5
V0241022: 5
V0241029: 4.5
V0241034: 5
V0241038: 4.33333333333333
V0241039: 4.5
V0241041: 4.5
V0241045: 4.5
V0241046: 4.5
V0241063: 0
V0241064: 4.83333333333333
V0241065: 5
V0241067: 4.5
V0316060: 0
V9941077: 4.5
