---
V0316060: 0
V0241063: 0

V0041008: 5
V0041042: 5
V0141001: 5
V0141062: 5
V0241001: 5
V0241004: 5
V0241014: 5
V0241017: 5
V0241022: 5
V0241029: 5
V0241034: 5
V0241038: 4.66666666666667
V0241039: 5
V0241041: 5
V0241045: 5
V0241046: 5
V0241064: 4.66666666666667
V0241065: 5
V0241067: 5
V9941077: 5
