---
100100100: 5
N01200048: 3.83333333333333
N02202201: 4
N03080070: 4.5
N03200001: 4.33333333333333
N03200004: 5
N03200006: 1.55555555555555
N03200008: 4.16666666666667
N03200010: 2.66666666666667
N03200012: 0
N03200014: 1.55555555555555
N03200018: 2
N03200020: 3.77777777777778
N03200022: 5
N03200025: 4
N03200027: 0
N03200030: 4.05555555555556
N03200034: 3
N03200036: 0
N03203103: 4.5
N03203105: 2.33333333333333
N04202101: 3.77777777777778
N04202105: 4.27777777777778
N04202107: 0
N04202109: 2.66666666666667
N04202111: 0
N04202113: 0
