---
100100100: 0
N01200014: 5
N02200047: 0
N02202107: 4.16666666666667
N02202111: 4.16666666666667
N02203102: 4.66666666666667
N03200001: 4.5
N03200004: 4.66666666666667
N03200006: 4.66666666666667
N03200008: 4.5
N03200010: 4.16666666666667
N03200012: 0
N03200014: 4.16666666666667
N03200022: 4.16666666666667
N03200025: 4.16666666666667
N03200027: 4
N03200030: 4.66666666666667
N03200034: 0
N03200036: 4.16666666666667
N03203103: 4.5
N03203104: 4.5
N04202101: 4.66666666666667
N04202109: 4.66666666666667
