---
N02200001: 3.91666666666667
N02200003: 2.91666666666667
N02200006: 0
N02200009: 3.33333333333333
N02200011: 3.41666666666667
N02200016: 3
N02200020: 2.41666666666667
N02200024: 2.91666666666667
N02200026: 2.33333333333333
N02200028: 3.41666666666667
N02200030: 0
N02200032: 3.91666666666667
N02200040: 4.25
N02200043: 0
N02200045: 4.5
N02200047: 0
N02200049: 3.75
N02200057: 2.91666666666667
N02202102: 4.25
N03202105: 2.33333333333333
N03202201: 0
N99200030: 4
