---
N02200047: 0
N03200012: 0
N03200034: 0
100100100: 0

N01200014: 5
N02202107: 4.33333333333333
N02202111: 4.33333333333333
N02203102: 4.33333333333333
N03200001: 5
N03200004: 4.33333333333333
N03200006: 4.33333333333333
N03200008: 5
N03200010: 4.33333333333333
N03200014: 4.33333333333333
N03200022: 4.33333333333333
N03200025: 4.33333333333333
N03200027: 5
N03200030: 4.33333333333333
N03200036: 4.33333333333333
N03203103: 5
N03203104: 5
N04202101: 4.33333333333333
N04202109: 4.33333333333333
