---
N02200006: 0
N02200030: 0
N02200043: 0
N02200047: 0
N03202201: 0

N02200001: 3.83333333333333
N02200003: 3.83333333333333
N02200009: 4.66666666666667
N02200011: 1.83333333333333
N02200016: 4
N02200020: 2.83333333333333
N02200024: 1.83333333333333
N02200026: 4.66666666666667
N02200028: 2.83333333333333
N02200032: 3.83333333333333
N02200040: 3.5
N02200045: 4
N02200049: 3.5
N02200057: 2.83333333333333
N02202102: 3.5
N03202105: 4.66666666666667
N99200030: 4
