---
N00120056: 4
N00200001: 4.5
N00200003: 0
N00200006: 3.5
N00200007: 3
N00200008: 4.5
N00200009: 2
N00200010: 0
N00200014: 3
N00200015: 3.5
N00200017: 4.5
N00200022: 3.33333333333333
N00200025: 4
N00200029: 4.5
N00200030: 4.5
N00200031: 0
N00200032: 0
N00200034: 4.5
N00200036: 3
N00200037: 1.83333333333334
N00200042: 4.5
N00200043: 3.5
N00200044: 4
N00200045: 0.5
N00200048: 3.5
N00200054: 4
N00200055: 4.5
N00200056: 3
N00200058: 0
N00202103: 4.5
N01202001: 4.5
N01202002: 0
N01202003: 0
N01202004: 3.5
N01202101: 0
N01202103: 4.5
N01202105: 3
N02203102: 4
N98200021: 0
N99030025: 3.83333333333333
N99030033: 0
