---
N00202003: 4.44444444444444
N00202103: 3.94444444444445
N96200019: 3.72222222222222
N97080093: 3.33333333333333
N99200002: 4
N99200004: 3.66666666666667
N99200005: 3.72222222222222
N99200007: 3.44444444444445
N99200008: 4.16666666666667
N99200009: 3.16666666666667
N99200010: 3.44444444444445
N99200011: 3.94444444444445
N99200012: 4.22222222222222
N99200013: 4.16666666666667
N99200014: 1.83333333333334
N99200016: 3.88888888888889
N99200019: 3.55555555555555
N99200020: 3.55555555555555
N99200021: 4.16666666666667
N99200022: 4
N99200023: 3.66666666666667
N99200024: 3.72222222222222
N99200025: 4.5
N99200027: 3.33333333333333
N99200028: 3.55555555555555
N99200030: 4
N99200032: 4
N99200033: 3.16666666666667
N99200035: 3.72222222222222
N99200036: 4
N99200039: 4.38888888888889
N99200041: 3.83333333333333
N99200045: 0.5
N99200047: 4.66666666666667
N99200050: 3.44444444444445
N99200051: 4.22222222222222
