---
U9816024: 2.66666666666667
U9933001: 2.88888888888889
U9933003: 4.27777777777778
U9933005: 2.88888888888889
U9933006: 3.33333333333333
U9933008: 4
U9933010: 4.66666666666667
U9933011: 3.94444444444445
U9933017: 3.33333333333333
U9933020: 4.33333333333333
U9933022: 4.44444444444444
U9933023: 3.33333333333333
U9933024: 3.77777777777778
U9933025: 3.5
U9933026: 4
U9933027: 4.77777777777778
U9933029: 3.38888888888889
U9933030: 3.5
U9933031: 2.77777777777778
U9933033: 3.66666666666667
U9933037: 3.88888888888889
U9933038: 4.27777777777778
U9933039: 4
U9933041: 4.16666666666667
U9933043: 3.27777777777778
U9933044: 4.33333333333333
U9933045: 4.44444444444444
U9933107: 3.44444444444445
U9933108: 3.33333333333333
U9933109: 4.44444444444444
U9933112: 2.77777777777778
U9933116: 3.5
U9933126: 4.16666666666667
U9933136: 4.44444444444444
U9933138: 2.77777777777778
U9933139: 2.88888888888889
U9933143: 3.66666666666667
