---
U9816024: 2.33333333333333
U9933001: 2.77777777777778
U9933003: 4.55555555555556
U9933005: 2.77777777777778
U9933006: 3.66666666666667
U9933008: 2.55555555555556
U9933010: 4.33333333333333
U9933011: 3.88888888888889
U9933017: 3.66666666666667
U9933020: 3.66666666666667
U9933022: 3.88888888888889
U9933023: 3.66666666666667
U9933024: 2.55555555555556
U9933025: 3
U9933026: 2.77777777777778
U9933027: 4.55555555555556
U9933029: 2.77777777777778
U9933030: 3
U9933031: 2.55555555555556
U9933033: 2.33333333333333
U9933037: 2.77777777777778
U9933038: 4.55555555555556
U9933041: 4.33333333333333
U9933043: 2.55555555555556
U9933044: 3.66666666666667
U9933045: 3.88888888888889
U9933107: 3.88888888888889
U9933108: 3.66666666666667
U9933109: 3.88888888888889
U9933112: 2.55555555555556
U9933116: 3
U9933126: 4.33333333333333
U9933136: 3.88888888888889
U9933138: 2.55555555555556
U9933139: 2.77777777777778
U9933143: 2.33333333333333
