---
N00200031: 0
N00200010: 0
N00200032: 0
N01202003: 0
N00200048: 0

N00120056: 2.73333333333333
N00200001: 4.33333333333333
N00200003: 3.4
N00200006: 2.6
N00200007: 3.4
N00200008: 4.2
N00200009: 2.33333333333333
N00200014: 4.73333333333333
N00200015: 4.33333333333333
N00200017: 3.93333333333333
N00200022: 3.26666666666667
N00200025: 3.93333333333333
N00200029: 3.93333333333333
N00200030: 3.93333333333333
N00200034: 2.73333333333333
N00200036: 3.13333333333333
N00200037: 3.93333333333333
N00200042: 3.26666666666667
N00200043: 2.46666666666667
N00200044: 3.4
N00200045: 4.73333333333333
N00200054: 2.46666666666667
N00200055: 2.33333333333333
N00200056: 3.26666666666667
N00200058: 3.13333333333333
N00202103: 4.46666666666667
N01202001: 4.46666666666667
N01202002: 4.2
N01202004: 4.33333333333333
N01202101: 4.73333333333333
N01202103: 2.46666666666667
N01202105: 2.6
N02203102: 3.93333333333333
N98200021: 4.46666666666667
N99030025: 3.13333333333333
N99030033: 2.6
