---
B00200016: 0

B00170085: 3.83333333333333
B01200001: 3.83333333333333
B01200002: 2.83333333333333
B01200003: 3.83333333333333
B01200006: 1.5
B01200008: 2.16666666666667
B01200012: 1.33333333333333
B01200014: 1.5
B01200016: 3.83333333333333
B01200018: 2.83333333333333
B01200020: 1.83333333333333
B01200022: 3.66666666666667
B01200024: 4.5
B01200026: 4
B01200028: 2.83333333333333
B01200030: 3.33333333333333
B01200032: 4
B01200034: 2.33333333333333
B01200036: 2.66666666666667
B01200038: 2.66666666666667
B01200040: 4.83333333333333
B01200042: 1.83333333333333
B01200045: 2.33333333333333
B01200047: 3.83333333333333
B01200049: 3.83333333333333
B01200051: 3
B01200053: 3.66666666666667
B01200055: 3.83333333333333
B01200057: 2.83333333333333
B01200059: 1.33333333333333
B01200061: 4.83333333333333
B01200063: 3.66666666666667
B01200065: 4.5
B01200067: 3.16666666666667
B01200069: 3.33333333333333
B01200071: 3.83333333333333
B01200073: 3.83333333333333
B01200075: 2.16666666666667
B01200077: 2.33333333333333
B01200081: 3
B01200083: 3
B01200085: 2.66666666666667
B01200089: 2.83333333333333
B01200093: 4
B01200095: 2.83333333333333
B01200097: 1.5
B01200101: 4.5
B01200103: 1.33333333333333
B01200107: 3.16666666666667
B01200113: 3.16666666666667
B01200115: 2.33333333333333
B02202101: 2.16666666666667
B02202104: 1.83333333333333
B02202106: 2.33333333333333
B98200021: 4.83333333333333
B99100040: 3.83333333333333
B99110055: 3.83333333333333
B99200063: 2.33333333333333
