---
T9831030: 3.33333333333333
U0031032: 3.08333333333333
U0031046: 4.16666666666667
U0034001: 3.91666666666667
U0034002: 3
U0034003: 2.75
U0034004: 3.33333333333333
U0034005: 3
U0034006: 3.41666666666667
U0034007: 2.75
U0034008: 3.16666666666667
U0034009: 3.25
U0034010: 2
U0034011: 3.83333333333333
U0034012: 2.5
U0034013: 3.25
U0034014: 2.75
U0034015: 1.75
U0034016: 3.75
U0034017: 2.33333333333333
U0034023: 3.41666666666667
U0034024: 1.83333333333334
U0034025: 2.66666666666667
U0034026: 2.66666666666667
U0034027: 2.66666666666667
U0034028: 2.66666666666667
U0034029: 3.66666666666667
U0034030: 2.5
U0034031: 3.66666666666667
U0034032: 4.16666666666667
U0034033: 3.08333333333333
U0034034: 2.66666666666667
U0034035: 2.66666666666667
U0034036: 3.33333333333333
U0034037: 4.16666666666667
U0034038: 1.75
U0034040: 3.83333333333333
U0034042: 3.83333333333333
U0034043: 2.91666666666667
U0034044: 3
U0034045: 2.5
U0034046: 2.5
U0034049: 3.16666666666667
U0034050: 2.91666666666667
U0034051: 2.41666666666667
U0034055: 2.75
U0034056: 4.16666666666667
U9733015: 3.33333333333333
U9834018: 3.66666666666667
