---
U9933001: 4.83333333333333
U9933003: 5
U9933005: 3.83333333333333
U9933006: 4.66666666666667
U9933008: 2.33333333333333
U9933010: 4.83333333333333
U9933011: 5
U9933017: 3
U9933020: 4.83333333333333
U9933022: 3.16666666666667
U9933023: 3
U9933024: 3.83333333333333
U9933025: 3.66666666666667
U9933026: 4.83333333333333
U9933027: 5
U9933029: 3
U9933030: 3
U9933031: 4.66666666666667
U9933037: 3.66666666666667
U9933038: 2.33333333333333
U9933039: 2.33333333333333
U9933041: 4.66666666666667
U9933043: 5
U9933044: 3.83333333333333
U9933045: 3.16666666666667
U9933107: 3
U9933108: 3.16666666666667
U9933109: 3.83333333333333
U9933112: 3.66666666666667
U9933116: 3.66666666666667
U9933126: 3
U9933136: 3
U9933138: 3.16666666666667
U9933139: 3
U9933143: 2.33333333333333
