---
U0031032: 3.5
U0031046: 3
U0034001: 3.66666666666667
U0034002: 3
U0034003: 2
U0034004: 2
U0034005: 2.33333333333333
U0034006: 1.83333333333334
U0034007: 3.5
U0034008: 3
U0034009: 2.5
U0034010: 2.5
U0034011: 2
U0034012: 3
U0034013: 2
U0034014: 3
U0034015: 3.66666666666667
U0034016: 3
U0034017: 2.16666666666667
U0034023: 2.5
U0034024: 1.83333333333334
U0034025: 1.66666666666666
U0034026: 2.66666666666667
U0034027: 2.5
U0034028: 3.66666666666667
U0034029: 2.83333333333333
U0034030: 3
U0034031: 1.83333333333334
U0034032: 3
U0034033: 2.16666666666667
U0034034: 3.33333333333333
U0034035: 1.83333333333334
U0034036: 3.5
U0034037: 3.5
U0034038: 2.66666666666667
U0034040: 2.5
U0034042: 1.5
U0034043: 1.5
U0034044: 3.5
U0034045: 1.33333333333334
U0034046: 1
U0034049: 1.5
U0034050: 3.5
U0034051: 1.83333333333334
U0034055: 2.16666666666667
U0034056: 2.16666666666667
U9834018: 2
U9933033: 2.16666666666667
U9934004: 2.16666666666667
U9934026: 2
