---
U0118004: 0
U0115001: 0
U0031216: 0
M0221002: 0
U0043039: 0
U0043024: 0
U0118002: 0
U0143054: 0

U0016014: 2.5
U0031022: 4.16666666666667
U0043029: 3.33333333333333
U0111135: 2.5
U0131128: 3.83333333333333
U0131257: 2.5
U0222112: 4.16666666666667
U0222303: 4.16666666666667
U0311011: 3.33333333333333
U9810037: 3.33333333333333
