---
T9822043: 3.73333333333334
U9711114: 4.86666666666667
U9817051: 3.6
U9818019: 4.73333333333334
U9818039: 3.86666666666666
U9818048: 4.8
U9821130: 3.73333333333334
U9914051: 0
U9931043: 4.86666666666667
U9931123: 0
U9931134: 2.6
U9931148: 4.8
V9741064: 2.8
