---
T9822043: 4.46666666666667
U9711114: 4.73333333333333
U9817051: 4.2
U9818019: 4.46666666666667
U9818039: 4.73333333333333
U9818048: 4.6
U9821130: 4.46666666666667
U9931043: 4.73333333333333
U9931134: 4.2
U9931148: 4.6
V9741064: 4.6
