---
T9823041: 5
V9741044: 4.81481481481481
V9741064: 4.44444444444444
V9841010: 4.81481481481481
V9841011: 4.44444444444444
V9841022: 4.44444444444444
V9841025: 2.77777777777778
V9841028: 4.44444444444444
V9841042: 5
V9841049: 4.25925925925926
V9941001: 2.96296296296296
V9941007: 4.62962962962963
V9941011: 4.81481481481481
V9941012: 4.25925925925926
V9941013: 0
V9941015: 5
V9941022: 4.25925925925926
V9941026: 4.81481481481481
V9941027: 5
V9941029: 4.81481481481481
V9941037: 5
V9941040: 4.62962962962963
V9941047: 4.81481481481481
V9941049: 2.77777777777778
V9941050: 2.03703703703704
V9941059: 3.7037037037037
V9941060: 0
V9941067: 4.62962962962963
V9941075: 4.62962962962963
V9941077: 0
