---
B02100046: 0
B02200031: 0
N01200030: 100
N01200047: 0
N01200049: 93.3333333333334
N02202107: 100
N03203104: 100
N03203201: 90
N04200002: 90
N04200004: 100
N04200007: 83.3333333333334
N04200009: 90
N04200011: 90
N04200016: 100
N04200018: 100
N04200021: 90
N04200024: 93.3333333333334
N04200026: 100
N04200031: 90
N04200035: 100
N04200038: 90
N04200044: 90
N04200046: 100
N04200048: 90
N04200050: 90
N04200052: 90
N04200054: 100
N04200056: 90
N05202104: 100
