---
B02100046: 0
B02200031: 0
N01200030: 3
N01200047: 0
N01200049: 4.66666666666667
N02202107: 5
N03203104: 3
N03203201: 2.5
N04200002: 2.5
N04200004: 3
N04200007: 2.16666666666667
N04200009: 2.5
N04200011: 2.5
N04200016: 3
N04200018: 3
N04200021: 2.5
N04200024: 2.66666666666667
N04200026: 3
N04200031: 2.5
N04200035: 3
N04200038: 2.5
N04200044: 2.5
N04200046: 3
N04200048: 2.5
N04200050: 2.5
N04200052: 2.5
N04200054: 3
N04200056: 2.5
N05202104: 3
