---
B02100046: 0
B02200031: 0
N01200047: 0
N04200059: 0

N01200030: 5
N01200049: 4.33333333333333
N02202107: 5
N03203104: 5
N03203201: 5
N04200002: 5
N04200004: 5
N04200007: 4.33333333333333
N04200009: 5
N04200011: 5
N04200016: 5
N04200018: 5
N04200021: 5
N04200024: 4.33333333333333
N04200026: 5
N04200031: 5
N04200035: 5
N04200038: 5
N04200044: 5
N04200046: 5
N04200048: 5
N04200050: 5
N04200052: 5
N04200054: 5
N04200056: 5
N05202104: 5
