---
V0041039: 4.4
V0041053: 4.30740740740741
V0141013: 4.17407407407407
V9741064: 4.13703703703704
V9741065: 5
V9841002: 4.41481481481481
V9841006: 4.62962962962963
V9841010: 4.6
V9841011: 4.81481481481481
V9841013: 4.81481481481481
V9841020: 4.4
V9841022: 4.21481481481482
V9841027: 4.02962962962963
V9841028: 4.12222222222222
V9841030: 3.8962962962963
V9841031: 4.9074074074074
V9841040: 4.5074074074074
V9841048: 4.4
V9841049: 4.12222222222222
V9841050: 4.12222222222222
V9841051: 4.41481481481481
V9841053: 4.6
V9841054: 4.81481481481481
V9841058: 3.98888888888889
