---
V0041039: 3.8
V0041053: 3.8
V0141013: 3.53333333333333
V9741064: 4.2
V9741065: 5
V9841002: 4.2
V9841006: 5
V9841010: 4.2
V9841011: 5
V9841013: 5
V9841020: 3.8
V9841022: 3.8
V9841027: 3.8
V9841028: 3.8
V9841030: 3.53333333333333
V9841031: 5
V9841040: 4.2
V9841048: 3.8
V9841049: 3.8
V9841050: 3.8
V9841051: 4.2
V9841053: 4.2
V9841054: 5
V9841058: 3.53333333333333
