---
U0010040: 4.36666666666667
U0131020: 0
U0131034: 4.36666666666667
U0214036: 4.23333333333334
U9816041: 4.36666666666667
U9933028: 0
