---
U9933028: 0
U0131020: 0

U0010040: 4.73333333333333
U0131034: 4.73333333333333
U0214036: 4.46666666666667
U9816041: 4.73333333333333
