---
U0043021: 0
V0041001: 0
V0041005: 2.75
V0041008: 2.25
V0041010: 3.16666666666667
V0041015: 3.25
V0041019: 3.25
V0041028: 3.66666666666667
V0041032: 3.83333333333333
V0041034: 3.16666666666667
V0041036: 4.75
V0041039: 3.75
V0041042: 3.83333333333333
V0041045: 2.16666666666667
V0041047: 3
V0041050: 3.16666666666667
V0041053: 3
V0041057: 3.66666666666667
V0041062: 4
V0041065: 2.83333333333333
V0041066: 3.25
V0141042: 4.75
V9941028: 4.75
