---
U0043021: 0
V0041001: 0

V0041005: 2.5
V0041008: 2.5
V0041010: 3.33333333333333
V0041015: 3.5
V0041019: 2.5
V0041028: 3.33333333333333
V0041032: 3.66666666666667
V0041034: 2.33333333333333
V0041036: 4.5
V0041039: 3.5
V0041042: 3.66666666666667
V0041045: 2.33333333333333
V0041047: 4
V0041050: 3.33333333333333
V0041053: 4
V0041057: 2.33333333333333
V0041062: 4
V0041065: 3.66666666666667
V0041066: 3.5
V0141042: 4.5
V9941028: 4.5
