---
U0133016: 88.4830769230769
U0333005: 42.7715384615385
U0333006: 83.6738461538462
U0333009: 78.0561538461539
U0333010: 55.21
U0333011: 64.2384615384615
U0333012: 53.7292307692308
U0333013: 66.3584615384615
U0333014: 77.6438461538461
U0333016: 88.5338461538462
U0333017: 59.7269230769231
U0333018: 81.7723076923077
U0333019: 76.3146153846154
U0333020: 73.3292307692308
U0333021: 93.4523076923077
U0333022: 78.5953846153846
U0333023: 83.48
U0333024: 84.7292307692308
U0333025: 90.1546153846154
U0333026: 70.3223076923077
U0333027: 76.1069230769231
U0333028: 57.3538461538462
U0333029: 83.6284615384616
U0333030: 78.6761538461538
U0333031: 83.0353846153846
U0333032: 78.41
U0333033: 70.0584615384615
U0333034: 69.1976923076923
U0333035: 75.4423076923077
U0333036: 76.7376923076923
U0333038: 86.2776923076923
U0333039: 80.4815384615385
U0333041: 45.7630769230769
U0333042: 69.2561538461538
U0333044: 61.3838461538462
U0333045: 69.7107692307692
U0333046: 76.83
U0333049: 72.9623076923077
U0333051: 66.3061538461539
U0333052: 84.0853846153846
U0333053: 68.6838461538461
