---
U0043021: 3.16666666666667
V0041001: 0
V0041005: 0
V0041008: 3.75
V0041010: 3.91666666666667
V0041015: 2.83333333333333
V0041019: 3.66666666666667
V0041028: 3.41666666666667
V0041032: 4.41666666666667
V0041034: 0
V0041036: 3.66666666666667
V0041039: 3.75
V0041042: 3.66666666666667
V0041045: 3.91666666666667
V0041047: 3.16666666666667
V0041050: 4.41666666666667
V0041053: 4.25
V0041057: 3.33333333333333
V0041062: 2.83333333333333
V0041065: 3.66666666666667
V0041066: 4.25
V0141042: 3.75
V9941028: 3.25
