---
V0041001: 0
V0041034: 0
V0041005: 0

U0043021: 2.33333333333333
V0041008: 4.5
V0041010: 3.83333333333333
V0041015: 2.66666666666667
V0041019: 3.33333333333333
V0041028: 3.83333333333333
V0041032: 3.83333333333333
V0041036: 2.33333333333333
V0041039: 3.5
V0041042: 2.33333333333333
V0041045: 3.83333333333333
V0041047: 3.33333333333333
V0041050: 3.83333333333333
V0041053: 4.5
V0041057: 2.66666666666667
V0041062: 2.66666666666667
V0041065: 3.33333333333333
V0041066: 4.5
V0141042: 3.5
V9941028: 3.5
