---
U0014139: 4.5
U0033001: 4
U0033002: 4.5
U0033003: 5
U0033004: 4.16666666666667
U0033005: 4.5
U0033006: 3.5
U0033008: 4
U0033009: 5
U0033010: 4.5
U0033012: 3.5
U0033013: 4
U0033014: 3.5
U0033015: 3
U0033016: 4.5
U0033018: 4.5
U0033019: 2.66666666666667
U0033020: 5
U0033022: 3.5
U0033023: 3.33333333333333
U0033024: 3.66666666666667
U0033029: 4.33333333333333
U0033030: 4
U0033031: 5
U0033032: 4.66666666666667
U0033033: 4
U0033034: 4.5
U0033035: 5
U0033036: 4.66666666666667
U0033037: 4.5
U0033039: 4.5
U0033040: 4.33333333333333
U0033042: 4
U0033133: 4.66666666666667
U0033135: 3
U0033136: 3.33333333333333
U0033137: 4.5
U0033139: 3.83333333333333
