---
U0014139: 5
U0033001: 5
U0033002: 5
U0033003: 5
U0033004: 4.33333333333333
U0033005: 5
U0033006: 4
U0033008: 5
U0033009: 5
U0033010: 5
U0033012: 3
U0033013: 5
U0033014: 5
U0033015: 3
U0033016: 5
U0033018: 5
U0033019: 3.33333333333333
U0033020: 5
U0033022: 5
U0033023: 4.66666666666667
U0033024: 4.33333333333333
U0033029: 4.66666666666667
U0033030: 5
U0033031: 5
U0033032: 4.33333333333333
U0033033: 4
U0033034: 5
U0033035: 5
U0033036: 4.33333333333333
U0033037: 5
U0033039: 5
U0033040: 4.66666666666667
U0033042: 5
U0033133: 4.33333333333333
U0033135: 5
U0033136: 4.66666666666667
U0033137: 5
U0033139: 4.66666666666667
