---
B04202201: 2.8078
B04202204: 4.1107
B05200078: 0
B06080105: 0
B06200005: 3.333
B06200007: 3.939
B06200009: 1.2322
B06200011: 2.7775
B06200013: 4.31438333333333
B06200015: 3.1108
B06200019: 3.5956
B06200023: 3.3633
B06200025: 4.9995
B06200027: 3.4138
B06200029: 3.5047
B06200031: 3.9895
B06200035: 1.8988
B06200037: 2.7775
B06200041: 4.0703
B06200043: 2.8987
B06200046: 3.2219
B06200048: 0
B06200052: 1.2221
B06200058: 4.6662
B06200061: 4.25883333333333
B06200063: 3.9491
B06200067: 3.8683
B06200069: 0
B06200071: 3.6057
B06200073: 3.333
B06200080: 2.222
B06200081: 3.737
B06209101: 0
B06210041: 2.9997
B07202101: 3.2522
B07202102: 1.8887
B07202103: 4.9995
B07202104: 4.9995
B07202107: 3.4845
B07202108: 2.8987
B07202110: 4.0602
B07202112: 3.9491
B07202114: 2.7775
B07202117: 0
