---
B04202201: 3.33333333333333
B04202204: 3.33333333333333
B05200078: 0
B06080105: 0
B06200002: 0
B06200005: 5
B06200007: 5
B06200009: 2.33333333333333
B06200011: 4.33333333333333
B06200013: 4.66666666666667
B06200015: 4.33333333333333
B06200019: 4.33333333333333
B06200023: 5
B06200025: 5
B06200027: 2.33333333333333
B06200029: 4.33333333333333
B06200031: 4.33333333333333
B06200035: 4.33333333333333
B06200037: 4.33333333333333
B06200041: 4.66666666666667
B06200043: 4.33333333333333
B06200046: 4.66666666666667
B06200048: 0
B06200052: 2.66666666666667
B06200058: 5
B06200061: 4.33333333333333
B06200063: 4.66666666666667
B06200067: 4.33333333333333
B06200069: 0
B06200071: 5
B06200073: 5
B06200080: 2.66666666666667
B06200081: 3.66666666666667
B06209101: 0
B06210041: 5
B07202101: 3.66666666666667
B07202102: 4.66666666666667
B07202103: 5
B07202104: 5
B07202107: 5
B07202108: 4.33333333333333
B07202110: 5
B07202112: 4.66666666666667
B07202114: 4.33333333333333
B07202117: 0
