---
B00170085: 2.33333333333333
B00200016: 0
B01200001: 2.91666666666667
B01200002: 3.25
B01200003: 4.25
B01200006: 2.91666666666667
B01200008: 2.91666666666667
B01200012: 3.33333333333333
B01200014: 4.25
B01200016: 0
B01200018: 3.5
B01200020: 3.66666666666667
B01200022: 3.75
B01200024: 3
B01200026: 2.5
B01200028: 4.25
B01200030: 3
B01200032: 3.16666666666667
B01200034: 3.75
B01200036: 3.41666666666667
B01200038: 2.33333333333333
B01200040: 3.66666666666667
B01200042: 4.25
B01200045: 3.75
B01200047: 4.5
B01200049: 3.25
B01200051: 3.75
B01200053: 3.66666666666667
B01200055: 3.41666666666667
B01200057: 2.75
B01200059: 4
B01200061: 3.33333333333333
B01200063: 0
B01200065: 3.41666666666667
B01200067: 4
B01200069: 3.91666666666667
B01200071: 4.25
B01200073: 2.75
B01200075: 3.5
B01200077: 3.5
B01200081: 4.5
B01200083: 2.83333333333333
B01200085: 2.5
B01200089: 3.5
B01200093: 2.41666666666667
B01200095: 2.41666666666667
B01200097: 3.66666666666667
B01200101: 3
B01200103: 0
B01200107: 3.75
B01200113: 3.16666666666667
B01200115: 3.5
B02202101: 3.75
B02202104: 3.33333333333333
B02202106: 2.41666666666667
B98200021: 0
B99100040: 3.91666666666667
B99110055: 4
B99200063: 3.91666666666667
