---
N99030033: 0
N00200058: 0
N00200003: 0
N00200031: 0
N01202101: 0
N98200021: 0
N01202002: 0
N00200032: 0
N00200010: 0
N00200045: 0
N01202003: 0

N00120056: 5
N00200001: 5
N00200006: 3
N00200007: 3
N00200008: 5
N00200009: 3
N00200014: 5
N00200015: 5
N00200017: 5
N00200022: 2.66666666666667
N00200025: 5
N00200029: 5
N00200030: 5
N00200031: 2.66666666666667
N00200034: 5
N00200036: 5
N00200037: 2.66666666666667
N00200042: 5
N00200043: 3
N00200044: 5
N00200048: 3
N00200054: 5
N00200055: 5
N00200056: 5
N00202103: 5
N01202001: 5
N01202004: 3
N01202103: 5
N01202105: 5
N02203102: 5
N99030025: 2.66666666666667
