---
B98200021: 0
B00200016: 0
B01200016: 0
B01200103: 0
B01200063: 0

B00170085: 3.66666666666667
B01200001: 3.83333333333333
B01200002: 3.5
B01200003: 3.5
B01200006: 2.83333333333333
B01200008: 2.83333333333333
B01200012: 3.66666666666667
B01200014: 3.5
B01200018: 4
B01200020: 4.33333333333333
B01200022: 4.5
B01200024: 3
B01200026: 4
B01200028: 3.5
B01200030: 4
B01200032: 4.33333333333333
B01200034: 4.5
B01200036: 3.83333333333333
B01200038: 3.66666666666667
B01200040: 4.33333333333333
B01200042: 4.5
B01200045: 3.5
B01200047: 5
B01200049: 3.5
B01200051: 4.5
B01200053: 4.33333333333333
B01200055: 3.83333333333333
B01200057: 4.5
B01200059: 3
B01200061: 3.66666666666667
B01200065: 3.83333333333333
B01200067: 4
B01200069: 3.83333333333333
B01200071: 3.5
B01200073: 3.5
B01200075: 4
B01200077: 4
B01200081: 5
B01200083: 3.66666666666667
B01200085: 4
B01200089: 3
B01200093: 3.83333333333333
B01200095: 3.83333333333333
B01200097: 4.33333333333333
B01200101: 4
B01200107: 3.5
B01200113: 4.33333333333333
B01200115: 4
B02202101: 4.5
B02202104: 3.66666666666667
B02202106: 2.83333333333333
B99100040: 3.83333333333333
B99110055: 5
B99200063: 3.83333333333333
