---
T9833026: 0
T9833038: 2.16666666666667
U0014139: 2.66666666666667
U0033001: 5
U0033002: 3
U0033003: 1.66666666666666
U0033004: 3.66666666666667
U0033005: 4.5
U0033006: 3.5
U0033008: 2.5
U0033009: 3
U0033010: 0
U0033012: 4.5
U0033013: 2.66666666666667
U0033014: 3.16666666666667
U0033015: 3.5
U0033016: 3.33333333333333
U0033018: 3.33333333333333
U0033019: 3.33333333333333
U0033020: 3.33333333333333
U0033022: 2.66666666666667
U0033023: 4.5
U0033024: 3.66666666666667
U0033029: 4
U0033030: 3
U0033031: 2.66666666666667
U0033032: 3.66666666666667
U0033033: 4.33333333333333
U0033034: 1.66666666666666
U0033035: 1.83333333333334
U0033036: 3.33333333333333
U0033037: 2.83333333333333
U0033039: 3
U0033040: 4.33333333333333
U0033042: 2.5
U0033133: 3
U0033135: 2.33333333333333
U0033136: 3
U0033137: 1.16666666666666
U0033139: 4.33333333333333
U9933035: 2.83333333333333
