---
V0041039: 5
V0041053: 4.81481481481481
V0141013: 2.77777777777778
V9741064: 4.62962962962963
V9741065: 4.07407407407407
V9841002: 3.88888888888889
V9841006: 3.14814814814815
V9841010: 4.62962962962963
V9841011: 4.07407407407407
V9841013: 3.33333333333333
V9841020: 4.81481481481481
V9841022: 3.33333333333333
V9841027: 3.33333333333333
V9841028: 4.44444444444444
V9841030: 4.81481481481481
V9841031: 4.62962962962963
V9841040: 4.07407407407407
V9841048: 2.59259259259259
V9841049: 2.40740740740741
V9841050: 4.62962962962963
V9841051: 4.44444444444444
V9841053: 1.66666666666667
V9841054: 4.25925925925926
V9841058: 2.77777777777778
