---
V0141036: 3.91666666666667
V0141037: 4.41666666666667
V0141038: 4.25
V0141041: 3.66666666666667
V0141046: 2.75
V0141048: 3.91666666666667
V0141049: 4.75
V0141050: 4.41666666666667
V0141051: 2.75
V0141052: 3.66666666666667
V0141053: 5
V0141054: 5
V0141055: 4.25
V0141058: 4.41666666666667
V0141059: 4.5
V0141060: 3.91666666666667
V0141061: 2.75
V9941077: 3.66666666666667
