---
V0141036: 3.83333333333333
V0141037: 4.83333333333333
V0141038: 4.5
V0141041: 3.33333333333333
V0141046: 1.5
V0141048: 3.83333333333333
V0141049: 4.5
V0141050: 4.83333333333333
V0141051: 1.5
V0141052: 3.33333333333333
V0141053: 5
V0141054: 5
V0141055: 4.5
V0141058: 4.83333333333333
V0141059: 5
V0141060: 3.83333333333333
V0141061: 1.5
V9941077: 3.33333333333333
