---
U0143020: 4.16666666666667
V0041008: 4.66666666666667
V0041022: 0
V0241001: 3.91666666666667
V0241004: 3
V0241014: 4.25
V0241017: 3
V0241022: 3.75
V0241024: 2.5
V0241029: 4.25
V0241030: 2.5
V0241031: 4
V0241032: 3
V0241034: 4.16666666666667
V0241037: 4
V0241038: 3.75
V0241039: 3.75
V0241041: 3.91666666666667
V0241042: 4.41666666666667
V0241044: 3.91666666666667
V0241045: 4.91666666666667
V0241046: 4.25
V0241066: 2.5
V0241067: 4.41666666666667
