---
V0041022: 0

V0241024: 0
V0241066: 0
V0241030: 0

U0143020: 4.33333333333333
V0041008: 4.33333333333333
V0241001: 3.83333333333333
V0241004: 2
V0241014: 4.5
V0241017: 2
V0241022: 3.5
V0241029: 4.5
V0241031: 4
V0241032: 2
V0241034: 4.33333333333333
V0241037: 4
V0241038: 3.5
V0241039: 3.5
V0241041: 3.83333333333333
V0241042: 4.83333333333333
V0241044: 3.83333333333333
V0241045: 4.83333333333333
V0241046: 4.5
V0241067: 4.83333333333333
