---
V0141001: 4.5
V0241001: 3.5
V0241012: 3.5
V0241013: 0
V0241014: 4.5
V0241017: 4.41666666666667
V0241018: 2.5
V0241020: 4
V0241022: 4.5
V0241024: 4.91666666666667
V0241026: 3.5
V0241029: 3.91666666666667
V0241030: 4.5
V0241031: 4.5
V0241032: 2.5
