---
V0241004: 92.7783333333333
V0241014: 94.6283333333333
V0241017: 50.37
V0241022: 49.075
V0241024: 72.4083333333333
V0241026: 62.78
V0241029: 87.2233333333333
V0241030: 50.37
V0241031: 76.1133333333333
V0241032: 48.52
V0241034: 56.1133333333333
V0241037: 92.7783333333333
V0241038: 62.78
V0241039: 74.6283333333333
V0241041: 49.075
V0241064: 60.185
V0241066: 63.5183333333333
V0241067: 77.595
