---
V0241004: 4.83333333333333
V0241014: 4.83333333333333
V0241017: 3
V0241022: 2.5
V0241024: 4.83333333333333
V0241026: 3.5
V0241029: 4.83333333333333
V0241030: 3
V0241031: 4.83333333333333
V0241032: 3
V0241034: 2.83333333333333
V0241037: 4.83333333333333
V0241038: 3.5
V0241039: 2.83333333333333
V0241041: 2.5
V0241064: 2.5
V0241066: 2.83333333333333
V0241067: 3.5
