---
V0241013: 0

V0141001: 5
V0241001: 3
V0241012: 3
V0241014: 5
V0241017: 4.83333333333333
V0241018: 5
V0241020: 5
V0241022: 5
V0241024: 4.83333333333333
V0241026: 3
V0241029: 4.83333333333333
V0241030: 5
V0241031: 5
V0241032: 5
