---
U9911001: 0
U9911220: 0

U0016044: 4.33333333333333
U0022342: 4.33333333333333
U0022343: 4.16666666666667
U0110031: 4.33333333333333
U9816034: 4.16666666666667
U9911202: 4.16666666666667
