---
U9931001: 3
U9931002: 3.16666666666667
U9931003: 3.66666666666667
U9931004: 3.66666666666667
U9931006: 3.66666666666667
U9931007: 3.16666666666667
U9931012: 3.5
U9931013: 3.66666666666667
U9931014: 3
U9931015: 3.5
U9931017: 3.5
U9931022: 3
U9931025: 3.16666666666667
U9931026: 3
U9931028: 3.66666666666667
U9931029: 3.5
U9931032: 3.66666666666667
U9931034: 3.66666666666667
U9931037: 3
U9931039: 3.66666666666667
U9931041: 2.16666666666667
U9931042: 3.66666666666667
U9931043: 3.66666666666667
U9931101: 3.66666666666667
U9931102: 3.16666666666667
U9931103: 3.66666666666667
U9931105: 3.16666666666667
U9931109: 3.66666666666667
U9931110: 3.66666666666667
U9931111: 3.66666666666667
U9931125: 3.16666666666667
U9931127: 3.66666666666667
U9931129: 2.16666666666667
U9931130: 2.16666666666667
U9931133: 3.16666666666667
U9931134: 3.66666666666667
U9931138: 3.66666666666667
U9931139: 3
U9931140: 3.66666666666667
U9931142: 3
U9931143: 3
U9931145: 3.16666666666667
U9931146: 2.16666666666667
U9931149: 3.66666666666667
