---
9633253: 1.5
U0022016: 3.66666666666667
U0031001: 3
U0031002: 3.16666666666667
U0031003: 2
U0031004: 3
U0031005: 3.5
U0031006: 3
U0031007: 3
U0031008: 3
U0031009: 3.5
U0031010: 3
U0031011: 2
U0031012: 3.5
U0031013: 2
U0031014: 3
U0031016: 2.5
U0031017: 4
U0031018: 3
U0031020: 2.5
U0031022: 3.5
U0031024: 2
U0031025: 4
U0031026: 1.5
U0031027: 2.5
U0031028: 3.5
U0031029: 4
U0031031: 3.5
U0031033: 2.5
U0031034: 4
U0031035: 4
U0031036: 3
U0031037: 3.5
U0031038: 2.66666666666667
U0031039: 3
U0031040: 2
U0031041: 4
U0031042: 3
U0031043: 3
U0031044: 3
U0031045: 2
U0031047: 3
U0031048: 2.5
U0031049: 3.5
U9831006: 4
U9831038: 1.5
U9831144: 4
U9831152: 1.5
U9931129: 4
U9931152: 3.5
