---
9633253: 3
U0022016: 3.66666666666667
U0031001: 3.33333333333333
U0031002: 3.66666666666667
U0031003: 3.33333333333333
U0031004: 3
U0031005: 3.33333333333333
U0031006: 3
U0031007: 3
U0031008: 3.33333333333333
U0031009: 3
U0031010: 3.33333333333333
U0031011: 3
U0031012: 3
U0031013: 3
U0031014: 4
U0031016: 3
U0031017: 3
U0031018: 3
U0031020: 3
U0031022: 3.33333333333333
U0031024: 4
U0031025: 3
U0031026: 3.33333333333333
U0031027: 3
U0031028: 3
U0031029: 3.33333333333333
U0031031: 3
U0031033: 3.33333333333333
U0031034: 3
U0031035: 3
U0031036: 4
U0031037: 3.33333333333333
U0031038: 3.66666666666667
U0031039: 3.33333333333333
U0031040: 3
U0031041: 3
U0031042: 3.33333333333333
U0031043: 3
U0031044: 3.33333333333333
U0031045: 3
U0031047: 3
U0031048: 3.33333333333333
U0031049: 3
U9831006: 3
U9831144: 3
U9831152: 3
U9931129: 3.33333333333333
U9931152: 3
