---
T9823041: 5
V9741044: 4.44074074074074
V9741064: 4.32222222222222
V9841010: 4
V9841011: 4.25555555555555
V9841022: 4.5074074074074
V9841025: 4.4
V9841028: 5
V9841042: 4.5074074074074
V9841049: 4.09629629629629
V9941001: 3.47777777777778
V9941007: 0
V9941011: 4.2
V9941012: 4.47037037037037
V9941013: 0
V9941015: 3.94074074074074
V9941022: 0
V9941026: 4.62962962962963
V9941027: 4.53333333333333
V9941029: 4.30740740740741
V9941037: 4.37407407407407
V9941040: 3.53703703703703
V9941047: 3.9074074074074
V9941049: 3.29259259259259
V9941050: 2.81111111111111
V9941059: 4.93333333333334
V9941060: 4.56296296296297
V9941067: 4.18888888888888
V9941075: 4.4
V9941077: 0
