---
T9823041: 5
V9741044: 4.81481481481481
V9741064: 4.44444444444444
V9841010: 5
V9841011: 4.44444444444444
V9841022: 4.81481481481481
V9841025: 5
V9841028: 5
V9841042: 4.81481481481481
V9841049: 4.25925925925926
V9941001: 2.22222222222222
V9941007: 0
V9941011: 5
V9941012: 4.07407407407407
V9941013: 0
V9941015: 3.14814814814815
V9941022: 0
V9941026: 4.25925925925926
V9941027: 5
V9941029: 4.81481481481481
V9941037: 4.81481481481481
V9941040: 4.07407407407407
V9941047: 4.81481481481481
V9941049: 1.85185185185185
V9941050: 2.22222222222222
V9941059: 5
V9941060: 4.25925925925926
V9941067: 4.44444444444444
V9941075: 5
V9941077: 0
