---
N00202003: 3.16666666666667
N00202103: 3.38888888888889
N96200019: 2.77777777777778
N97080093: 4.88888888888889
N99200002: 4.38888888888889
N99200004: 3.77777777777778
N99200005: 3.38888888888889
N99200007: 3.66666666666667
N99200008: 4
N99200009: 2.83333333333333
N99200010: 3.38888888888889
N99200011: 4.11111111111111
N99200012: 4.38888888888889
N99200013: 3.94444444444445
N99200014: 4.27777777777778
N99200016: 4.83333333333333
N99200019: 2.61111111111111
N99200020: 4
N99200021: 2.94444444444445
N99200022: 3.66666666666667
N99200023: 4.16666666666667
N99200024: 4.88888888888889
N99200025: 2.66666666666667
N99200027: 4
N99200028: 4.33333333333333
N99200030: 3.44444444444445
N99200032: 4.66666666666667
N99200033: 3.16666666666667
N99200035: 4
N99200036: 2.88888888888889
N99200039: 3.5
N99200041: 3.66666666666667
N99200045: 2.88888888888889
N99200047: 3.11111111111111
N99200050: 3.5
N99200051: 2.66666666666667
