---
U0131117: 4.02777777777778
U0143010: 3.4537037037037
U0143020: 4.36111111111111
V0041008: 3.62962962962963
V0041042: 3.17592592592592
V0041046: 3.43518518518519
V0041062: 2.80555555555555
V0041066: 4.44444444444444
V0141001: 3.62037037037037
V0141002: 2.86111111111111
V0141003: 2.52777777777778
V0141008: 3.37962962962963
V0141009: 2.62037037037037
V0141011: 4.19444444444444
V0141012: 2.49074074074074
V0141016: 3.08333333333333
V0141017: 3.24074074074074
V0141018: 3.46296296296296
V0141019: 3.25925925925926
V0141021: 3.83333333333333
V0141022: 3.80555555555556
V0141023: 3.08333333333333
V0141025: 4.26851851851852
V0141026: 4.00925925925926
V0141029: 0
V0141035: 3.91666666666667
V0141036: 3.93518518518518
V0141037: 3.84259259259259
V0141038: 2.52777777777778
V0141041: 4.00925925925926
V0141046: 3.91666666666667
V0141048: 4.16666666666667
V0141049: 2.79629629629629
V0141051: 0
V0141052: 4.08333333333333
V0141053: 4.81481481481481
V0141054: 3.65740740740741
V0141055: 3.53703703703703
V0141059: 4.28703703703703
V0141060: 4.2037037037037
V0141061: 2.70370370370371
V0141064: 3.45370370370371
V0241045: 3.35185185185185
V0241046: 4.58333333333333
