---
U0131117: 3.88888888888889
U0143010: 4.07407407407407
U0143020: 3.88888888888889
V0041008: 4.25925925925926
V0041042: 1.85185185185185
V0041046: 3.7037037037037
V0041062: 1.11111111111111
V0041066: 3.88888888888889
V0141001: 4.07407407407407
V0141002: 3.88888888888889
V0141003: 2.22222222222222
V0141008: 2.59259259259259
V0141009: 2.40740740740741
V0141011: 3.88888888888889
V0141012: 3.14814814814815
V0141016: 3.33333333333333
V0141017: 3.14814814814815
V0141018: 2.59259259259259
V0141019: 3.51851851851852
V0141021: 3.33333333333333
V0141022: 2.77777777777778
V0141023: 3.33333333333333
V0141025: 3.7037037037037
V0141026: 3.51851851851852
V0141029: 0
V0141035: 3.33333333333333
V0141036: 3.7037037037037
V0141037: 3.51851851851852
V0141038: 2.22222222222222
V0141041: 3.51851851851852
V0141046: 3.33333333333333
V0141048: 3.33333333333333
V0141049: 2.59259259259259
V0141051: 0
V0141052: 5
V0141053: 4.62962962962963
V0141054: 3.14814814814815
V0141055: 4.07407407407407
V0141059: 4.07407407407407
V0141060: 4.07407407407407
V0141061: 2.40740740740741
V0141064: 2.40740740740741
V0241045: 3.7037037037037
V0241046: 5
