---
U0131117: 4.16666666666667
U0143010: 2.83333333333333
U0143020: 4.83333333333333
V0041008: 3
V0041042: 4.5
V0041046: 3.16666666666667
V0041062: 4.5
V0041066: 5
V0141001: 3.16666666666667
V0141002: 1.83333333333333
V0141003: 2.83333333333333
V0141008: 4.16666666666667
V0141009: 2.83333333333333
V0141011: 4.5
V0141012: 1.83333333333333
V0141016: 2.83333333333333
V0141017: 3.33333333333333
V0141018: 4.33333333333333
V0141019: 3
V0141021: 4.33333333333333
V0141022: 4.83333333333333
V0141023: 2.83333333333333
V0141025: 4.83333333333333
V0141026: 4.5
V0141029: 3.33333333333333
V0141035: 4.5
V0141036: 4.16666666666667
V0141037: 4.16666666666667
V0141038: 2.83333333333333
V0141041: 4.5
V0141046: 4.5
V0141048: 5
V0141049: 3
V0141051: 3.33333333333333
V0141052: 3.16666666666667
V0141053: 5
V0141054: 4.16666666666667
V0141055: 3
V0141059: 4.5
V0141060: 4.33333333333333
V0141061: 3
V0141064: 4.5
V0241045: 3
V0241046: 4.16666666666667
