---
B04202201: 0
B04202204: 0
B05200078: 0
B06080105: 0
B06200005: 0
B06200007: 4.13724601769912
B06200009: 0
B06200011: 1.5554
B06200013: 3.98583539823009
B06200015: 4.23802256637168
B06200019: 3.9996
B06200023: 4.03794424778761
B06200025: 4.36632831858407
B06200027: 4.05121725663717
B06200029: 0
B06200031: 4.5369110619469
B06200035: 0
B06200037: 2.92399469026549
B06200041: 3.9996
B06200043: 0
B06200046: 0
B06200048: 4.39139955752212
B06200052: 2.5553
B06200058: 4.25129557522124
B06200061: 3.62598938053097
B06200063: 3.89882345132743
B06200067: 4.09201946902655
B06200069: 0
B06200071: 3.42296150442478
B06200073: 0
B06200080: 4.33732433628319
B06200081: 4.51724734513274
B06209101: 0
B06210041: 0
B07202101: 4.00697389380531
B07202102: 0
B07202103: 4.12544778761062
B07202104: 4.46464690265487
B07202107: 4.76058584070797
B07202108: 0
B07202110: 2.8886
B07202112: 3.6663
B07202114: 3.95633982300885
B07202117: 0
