---
'': 0
B04202201: 0
B04202204: 0
B05200078: 0
B06080105: 0
B06200005: 0
B06200007: 4.33333333333333
B06200009: 0
B06200011: 3.66666666666667
B06200013: 3.66666666666667
B06200015: 3.66666666666667
B06200019: 3
B06200023: 4
B06200025: 3.66666666666667
B06200027: 3
B06200029: 0
B06200031: 4.33333333333333
B06200035: 0
B06200037: 3.66666666666667
B06200041: 3
B06200043: 0
B06200046: 0
B06200048: 3.66666666666667
B06200052: 3.66666666666667
B06200058: 3.66666666666667
B06200061: 3.66666666666667
B06200063: 3.66666666666667
B06200067: 2.66666666666667
B06200069: 0
B06200071: 3
B06200073: 0
B06200080: 5
B06200081: 5
B06209101: 0
B06210041: 0
B07202101: 4
B07202102: 0
B07202103: 4.33333333333333
B07202104: 4.33333333333333
B07202107: 5
B07202108: 0
B07202110: 3.66666666666667
B07202112: 5
B07202114: 3.66666666666667
B07202117: 0
