---
U9831132: 0
U9816024: 2.55555555555556
U9933001: 3
U9933003: 3.66666666666667
U9933005: 3.66666666666667
U9933006: 2.55555555555556
U9933008: 3
U9933010: 3.66666666666667
U9933011: 2.77777777777778
U9933017: 3
U9933020: 4.33333333333333
U9933022: 3.66666666666667
U9933023: 4.33333333333333
U9933024: 3
U9933025: 2.55555555555556
U9933026: 3.66666666666667
U9933027: 3
U9933029: 3
U9933030: 3.66666666666667
U9933031: 3
U9933033: 4.33333333333333
U9933037: 2.77777777777778
U9933038: 3.66666666666667
U9933039: 3
U9933041: 2.77777777777778
U9933043: 3
U9933044: 3.66666666666667
U9933045: 3
U9933107: 2.55555555555556
U9933108: 3.66666666666667
U9933109: 3
U9933112: 3
U9933116: 2.55555555555556
U9933126: 3
U9933136: 3
U9933138: 2.55555555555556
U9933139: 3.22222222222222
U9933143: 3
