---
B04090003: 2.66666666666667
B04140059: 1.68888888888889
B04200001: 0.277777777777778
B04200006: 1.42222222222222
B04200015: 0.2
B04200020: 0.722222222222222
B04200025: 0
B04200029: 2.07777777777778
B04200033: 2.5
B04200038: 2.61111111111111
B04200042: 1.04444444444444
B04200048: 2.58888888888889
B04200052: 2.24444444444444
B04200057: 1.11111111111111
B04200061: 1.06666666666667
B04200068: 0
B04200072: 1.33333333333333
B04200081: 1.61666666666667
B04200088: 2.31111111111111
B04200093: 1.60555555555556
B04200098: 2.97777777777778
B04200102: 2.31111111111111
B04200111: 2.08333333333333
B04200116: 1.55555555555556
