---
B04090003: 88.888888888889
B04140059: 56.2962962962963
B04200001: 9.25925925925927
B04200006: 47.4074074074073
B04200015: 6.66666666666667
B04200020: 24.0740740740741
B04200025: 0
B04200029: 69.2592592592593
B04200033: 83.3333333333333
B04200038: 87.037037037037
B04200042: 34.8148148148147
B04200048: 86.2962962962963
B04200052: 74.8148148148147
B04200057: 37.037037037037
B04200061: 35.5555555555557
B04200068: 0
B04200072: 44.4444444444443
B04200081: 53.888888888889
B04200088: 77.037037037037
B04200093: 53.5185185185187
B04200098: 99.2592592592593
B04200102: 77.037037037037
B04200111: 69.4444444444443
B04200116: 51.851851851852
