---
U0518018: 90.4761904761905
U0521233: 98.0952380952381
U0614132: 90.4761904761905
U0614140: 90.4761904761905
U0623104: 98.0952380952381
U0623131: 98.0952380952381
U0623145: 94.2857142857143
