---
V0041022: 0
V0041040: 1.75
V0041055: 3.58333333333333
V0141001: 3.33333333333333
V0141002: 3.83333333333333
V0141003: 3.08333333333333
V0141008: 0
V0141009: 3.33333333333333
V0141011: 3.25
V0141012: 3.5
V0141016: 3.41666666666667
V0141017: 3.33333333333333
V0141018: 3.58333333333333
V0141019: 3.58333333333333
V0141021: 3.41666666666667
V0141022: 3.5
V0141023: 2.58333333333333
V0141025: 4.83333333333333
V0141026: 3.75
V0141028: 2.33333333333333
V0141029: 3.08333333333333
V0141035: 3.5
