---
V0041022: 0
V0141008: 0

V0041040: 3.5
V0041055: 4.16666666666667
V0141001: 4.66666666666667
V0141002: 4.66666666666667
V0141003: 4.16666666666667
V0141009: 3.66666666666667
V0141011: 3.5
V0141012: 4
V0141016: 3.83333333333333
V0141017: 3.66666666666667
V0141018: 4.16666666666667
V0141019: 4.16666666666667
V0141021: 3.83333333333333
V0141022: 4
V0141023: 4.16666666666667
V0141025: 4.66666666666667
V0141026: 3.5
V0141028: 3.66666666666667
V0141029: 4.16666666666667
V0141035: 4
