---
T9822043: 4.16666666666667
U9711114: 4
U9817051: 4.16666666666667
U9818019: 4
U9818039: 4.16666666666667
U9818048: 4.16666666666667
U9821130: 4
U9914051: 3.33333333333333
U9931043: 3.33333333333333
U9931134: 4.16666666666667
U9931148: 4.16666666666667
V9741064: 3.33333333333333
