---
U0031032: 2.5
U0031046: 3.5
U0034001: 2.5
U0034002: 3
U0034003: 3
U0034004: 3.33333333333333
U0034005: 2.5
U0034006: 3.5
U0034007: 3.33333333333333
U0034008: 4
U0034009: 3.16666666666667
U0034010: 3.5
U0034011: 3.5
U0034012: 3
U0034013: 3.66666666666667
U0034014: 3.5
U0034015: 3
U0034016: 3.16666666666667
U0034017: 4.33333333333333
U0034023: 3.66666666666667
U0034024: 2.5
U0034025: 3.16666666666667
U0034026: 3.5
U0034027: 3
U0034028: 4
U0034029: 2.5
U0034030: 3.5
U0034031: 3.5
U0034032: 2.5
U0034033: 3
U0034034: 3.5
U0034035: 3
U0034036: 3
U0034037: 4
U0034038: 3
U0034040: 3.5
U0034042: 2.5
U0034043: 2.5
U0034044: 3.5
U0034045: 3
U0034046: 2.5
U0034049: 2.5
U0034050: 0
U0034051: 3
U0034055: 3
U0034056: 4
U9816059: 3.5
U9816062: 1.5
U9834018: 3.16666666666667
U9933033: 4.16666666666667
U9934004: 4.16666666666667
U9934026: 4
