---
V0141001: 4
V0141062: 3.83333333333333
V0141063: 4.5
V0241001: 3.66666666666667
V0241004: 4.75
V0241012: 4.41666666666667
V0241014: 4.33333333333333
V0241020: 4.66666666666667
V0241022: 4.33333333333333
V0241024: 3.66666666666667
V0241026: 3.66666666666667
V0241029: 4.41666666666667
V0241030: 4.75
V0241031: 4.5
V0241032: 4
V0241034: 4.33333333333333
V0241037: 4.5
V0241038: 3
V0241039: 4.41666666666667
V0241041: 4.33333333333333
V0241042: 3.83333333333333
V0241044: 3.66666666666667
V0241045: 4.16666666666667
V0241046: 4.16666666666667
V0241063: 0
V0241064: 4
V0241065: 3.66666666666667
V0241066: 3.75
V0241067: 3.16666666666667
