---
V0241063: 0

V0141001: 4
V0141062: 3.66666666666667
V0141063: 5
V0241001: 4.33333333333333
V0241004: 4.5
V0241012: 4.83333333333333
V0241014: 4.66666666666667
V0241020: 4.33333333333333
V0241022: 4.66666666666667
V0241024: 3.33333333333333
V0241026: 3.33333333333333
V0241029: 4.83333333333333
V0241030: 4.5
V0241031: 5
V0241032: 4
V0241034: 4.66666666666667
V0241037: 5
V0241038: 4.5
V0241039: 4.83333333333333
V0241041: 3.66666666666667
V0241042: 3.66666666666667
V0241044: 3.33333333333333
V0241045: 3.33333333333333
V0241046: 4.33333333333333
V0241064: 4
V0241065: 3.33333333333333
V0241066: 4.5
V0241067: 3.33333333333333
