---
U9816024: 3.8
U9933001: 3.93333333333333
U9933003: 4.2
U9933005: 4.6
U9933006: 4.86666666666667
U9933008: 4.73333333333333
U9933010: 4.73333333333333
U9933011: 3.8
U9933017: 3.93333333333333
U9933020: 3.66666666666667
U9933022: 3.4
U9933023: 4.6
U9933024: 4.2
U9933025: 3.8
U9933026: 4.6
U9933027: 3.93333333333333
U9933029: 4.86666666666667
U9933030: 3.8
U9933031: 4.86666666666667
U9933033: 4.73333333333333
U9933037: 4.6
U9933038: 4.6
U9933039: 4.86666666666667
U9933041: 2.86666666666667
U9933043: 3.26666666666667
U9933044: 4.86666666666667
U9933045: 3.26666666666667
U9933107: 2.86666666666667
U9933108: 4.86666666666667
U9933109: 3.66666666666667
U9933112: 2.86666666666667
U9933116: 3.4
U9933126: 3.66666666666667
U9933136: 4.2
U9933138: 3.26666666666667
U9933139: 3.4
U9933143: 3.8
