---
U0516005: 63.975
U0516008: 66.7308333333333
U0516029: 37.835
U0516044: 63.1883333333333
U0516048: 45.0933333333333
U0517025: 37.4758333333333
U0517046: 68.935
U0531113: 73.49
U0531144: 87.0933333333333
U0531211: 38.5183333333333
U0533003: 63.78
U0533016: 8.51916666666667
U0534033: 65.6841666666667
U0534047: 47.6783333333333
U0534048: 31.7658333333333
U0542014: 30.7241666666667
U0557029: 38.1883333333333
U0557037: 62.1958333333333
