---
U9931001: 3.66666666666667
U9931002: 4.33333333333333
U9931003: 3.66666666666667
U9931004: 2.66666666666667
U9931006: 4.16666666666667
U9931007: 4.16666666666667
U9931012: 2.66666666666667
U9931013: 4.33333333333333
U9931014: 3
U9931015: 4.33333333333333
U9931017: 3
U9931022: 5
U9931025: 4.33333333333333
U9931026: 3.5
U9931028: 3
U9931029: 3.66666666666667
U9931032: 2.66666666666667
U9931034: 2.66666666666667
U9931037: 2.33333333333333
U9931039: 3.66666666666667
U9931041: 3
U9931042: 5
U9931043: 3.66666666666667
U9931101: 3.5
U9931102: 2.33333333333333
U9931103: 3.5
U9931105: 3
U9931109: 3
U9931110: 3
U9931111: 4.33333333333333
U9931125: 4.16666666666667
U9931127: 3.5
U9931129: 3
U9931130: 4.33333333333333
U9931133: 5
U9931134: 5
U9931138: 4.16666666666667
U9931139: 3.66666666666667
U9931140: 4.33333333333333
U9931142: 2.33333333333333
U9931143: 4.33333333333333
U9931145: 3.66666666666667
U9931146: 3.66666666666667
U9931149: 2.33333333333333
