---
T9822123: 3.75
U9716007: 4.41666666666667
U9722006: 4.91666666666667
U9822143: 4.91666666666667
U9822148: 3.83333333333333
