---
T9822123: 3.5
U9716007: 4.83333333333333
U9722006: 4.83333333333333
U9822143: 4.83333333333333
U9822148: 4.66666666666667
