---
100100100: 3.94444444444445
129129129: 0
N01200048: 3.16666666666667
N02202201: 3.5
N03080070: 0
N03200001: 4.44444444444444
N03200004: 4.83333333333333
N03200006: 4.83333333333333
N03200008: 3.44444444444445
N03200010: 3.72222222222222
N03200012: 2.94444444444445
N03200014: 2.94444444444445
N03200018: 3.44444444444445
N03200022: 3.72222222222222
N03200025: 1.66666666666666
N03200027: 2.88888888888889
N03200030: 3.44444444444445
N03200034: 4.83333333333333
N03200036: 3.38888888888889
N03203103: 3.72222222222222
N03203105: 2.88888888888889
N04202101: 3.16666666666667
N04202105: 4.44444444444444
N04202109: 3.94444444444445
