---
N02200001: 3.33333333333333
N02200003: 3.91666666666667
N02200006: 4.41666666666667
N02200009: 3.25
N02200011: 3.91666666666667
N02200016: 3.33333333333333
N02200020: 4.58333333333333
N02200024: 3.91666666666667
N02200026: 3.75
N02200028: 3.83333333333333
N02200030: 0
N02200032: 4.75
N02200040: 4.58333333333333
N02200043: 2.91666666666667
N02200045: 4.58333333333333
N02200049: 2.83333333333333
N02200057: 3.75
N02202102: 3.75
N03202103: 3.33333333333333
N03202105: 3.83333333333333
N99200030: 3.41666666666667
