---
N03080070: 0
129129129: 0

100100100: 3.88888888888889
N01200048: 3.33333333333333
N02202201: 4
N03200001: 4.88888888888889
N03200004: 4.66666666666667
N03200006: 4.66666666666667
N03200008: 3.88888888888889
N03200010: 3.44444444444444
N03200012: 4.88888888888889
N03200014: 3.88888888888889
N03200018: 3.88888888888889
N03200022: 3.44444444444444
N03200025: 3.33333333333333
N03200027: 2.77777777777778
N03200030: 3.88888888888889
N03200034: 4.66666666666667
N03200036: 2.77777777777778
N03203103: 3.44444444444444
N03203105: 2.77777777777778
N04202101: 3.33333333333333
N04202105: 4.88888888888889
N04202109: 3.88888888888889
