---
V0241004: 2.91666666666667
V0241008: 2.75
V0241064: 2.91666666666667
V0341001: 2.08333333333333
V0341003: 1.58333333333334
V0341004: 2.08333333333333
V0341005: 2.08333333333333
V0341009: 2.16666666666667
V0341010: 1.83333333333334
V0341011: 4.41666666666667
V0341012: 4.41666666666667
V0341013: 2.58333333333333
V0341015: 2.91666666666667
V0341016: 2.33333333333333
V0341017: 2.66666666666667
V0341019: 2.25
V0341021: 3.41666666666667
V0341022: 2.41666666666667
V0341023: 4.41666666666667
V0341024: 2.66666666666667
V0341025: 2.08333333333333
V0341027: 2.75
V0341029: 0
V0341031: 1.91666666666666
V0341032: 2.33333333333333
V0341033: 2.41666666666667
V0341034: 2.83333333333333
V0341035: 2.33333333333333
V0341036: 2.33333333333333
V0341037: 1.75
V0341039: 2.25
V0341041: 2.41666666666667
V0341044: 2.08333333333333
V0341046: 0
V0341051: 2.08333333333333
V0341052: 2.08333333333333
