---
V0241004: 3.91666666666667
V0241008: 3.75
V0241064: 3.91666666666667
V0341001: 3.08333333333333
V0341003: 2.58333333333333
V0341004: 3.08333333333333
V0341005: 2.08333333333333
V0341009: 3.16666666666667
V0341010: 2.83333333333333
V0341011: 4.41666666666667
V0341012: 4.41666666666667
V0341013: 3.58333333333333
V0341015: 3.91666666666667
V0341016: 3.33333333333333
V0341017: 3.66666666666667
V0341019: 3.25
V0341021: 4.41666666666667
V0341022: 3.41666666666667
V0341023: 4.41666666666667
V0341024: 3.66666666666667
V0341025: 3.08333333333333
V0341027: 3.75
V0341029: 0
V0341031: 2.91666666666667
V0341032: 3.33333333333333
V0341033: 3.41666666666667
V0341034: 3.83333333333333
V0341035: 3.33333333333333
V0341036: 3.33333333333333
V0341037: 1.75
V0341039: 3.25
V0341041: 3.41666666666667
V0341044: 3.08333333333333
V0341046: 0
V0341051: 3.08333333333333
V0341052: 3.08333333333333
