---
V0341046: 0
V0341029: 0

V0241004: 3.83333333333333
V0241008: 3.5
V0241064: 3.83333333333333
V0341001: 3.16666666666667
V0341003: 3.16666666666667
V0341004: 4.16666666666667
V0341005: 3.16666666666667
V0341009: 4.33333333333333
V0341010: 3.66666666666667
V0341011: 3.83333333333333
V0341012: 3.83333333333333
V0341013: 4.16666666666667
V0341015: 3.83333333333333
V0341016: 3.66666666666667
V0341017: 4.33333333333333
V0341019: 2.5
V0341021: 4.83333333333333
V0341022: 4.83333333333333
V0341023: 3.83333333333333
V0341024: 4.33333333333333
V0341025: 3.16666666666667
V0341027: 3.5
V0341031: 3.83333333333333
V0341032: 3.66666666666667
V0341033: 4.83333333333333
V0341034: 3.66666666666667
V0341035: 3.66666666666667
V0341036: 3.66666666666667
V0341037: 2.5
V0341039: 3.5
V0341041: 3.83333333333333
V0341044: 3.16666666666667
V0341051: 4.16666666666667
V0341052: 3.16666666666667
