---
V9841033: 2.83333333333333
V9941025: 3.25
V9941026: 4.5
V9941027: 2.83333333333333
V9941029: 4
V9941031: 3
V9941032: 3.75
V9941033: 4
V9941036: 4.75
V9941037: 4.33333333333333
V9941040: 4
V9941043: 4
V9941045: 4.5
V9941046: 2.83333333333333
V9941047: 4.5
V9941049: 4.33333333333333
V9941050: 4.5
V9941051: 0
V9941057: 2.83333333333333
V9941059: 3.75
V9941060: 2
V9941062: 4.5
V9941067: 4.5
V9941068: 3.5
V9941069: 4.25
V9941071: 4.83333333333333
V9941073: 3.25
V9941075: 3.5
V9941076: 3.83333333333333
