---
9622299: 3.26666666666667
N9661749: 2.6
N9661754: 3.2
N9661760: 3.2
V9724004: 3.46666666666667
V9741030: 3.46666666666667
V9741066: 2.86666666666667
V9841001: 3.2
V9841025: 3.46666666666667
V9841063: 2.86666666666667
V9916050: 3.2
V9941001: 2.86666666666667
V9941003: 2.86666666666667
V9941005: 3.26666666666667
V9941007: 3.46666666666667
V9941010: 3.06666666666667
V9941011: 3.06666666666667
V9941012: 2.6
V9941013: 2.73333333333333
V9941014: 2.86666666666667
V9941015: 2.73333333333333
V9941016: 2.6
V9941022: 3.2
V9941023: 3.2
V9941025: 3.26666666666667
V9941026: 3.2
V9941027: 3.46666666666667
V9941031: 3
V9941032: 3.2
V9941033: 3.2
V9941036: 3.73333333333333
V9941037: 3.26666666666667
V9941040: 3.2
V9941041: 2.6
V9941043: 3.73333333333333
V9941044: 3.2
V9941045: 3.46666666666667
V9941046: 3.46666666666667
V9941047: 2.86666666666667
V9941049: 3.2
V9941050: 3.46666666666667
V9941057: 2.73333333333333
V9941059: 3.2
V9941060: 3.73333333333333
V9941062: 3.06666666666667
V9941067: 2.86666666666667
V9941068: 2.73333333333333
V9941069: 3
V9941071: 3.2
V9941073: 3.73333333333333
V9941076: 3.2
