---
N9561732: 1.77777777777778
N9661712: 1.77777777777778
N9661752: 2.11111111111111
U9616041: 2.27777777777778
V9724004: 1.66666666666667
V9741010: 2.27777777777778
V9741016: 2.16666666666667
V9741023: 2.16666666666667
V9741025: 2.66666666666667
V9741028: 2.5
V9741029: 1.72222222222222
V9741030: 2.11111111111111
V9741032: 2.05555555555556
V9741034: 2.66666666666667
V9741036: 2.61111111111111
V9741041: 2.16666666666667
V9741043: 2.44444444444444
V9741047: 1.77777777777778
V9741053: 1.83333333333333
V9741057: 2.05555555555556
V9741059: 1.55555555555556
V9741060: 1.38888888888889
V9741066: 1.88888888888889
