---
V0141042: 0
U0017024: 0
V0041028: 0
V0041052: 0

V0041002: 3
V0041007: 4.16666666666667
V0041009: 2
V0041012: 2
V0041015: 2.83333333333333
V0041019: 2.83333333333333
V0041030: 2.83333333333333
V0041035: 2.5
V0041036: 3.5
V0041038: 4.16666666666667
V0041039: 3.16666666666667
V0041040: 2
V0041042: 2.83333333333333
V0041044: 4.16666666666667
V0041047: 2.83333333333333
V0041049: 3.5
V0041057: 3.16666666666667
V0041058: 3.66666666666667
V0041064: 2.83333333333333
V0141062: 4
V0141063: 4
V9741022: 2.5
V9841071: 3
V9941001: 4
V9941014: 4.16666666666667
V9941028: 3
V9941031: 3.5
V9941036: 3.5
V9941040: 3.5
V9941057: 4.16666666666667
V9941065: 3.66666666666667
V9941071: 2.5
V9941075: 3.66666666666667
V9941076: 3.5
