---
N9561732: 4.5
N9661712: 4.5
N9661752: 2.33333333333333
U9616041: 4.5
V9724004: 4
V9741010: 3.33333333333333
V9741016: 4
V9741023: 2.33333333333333
V9741025: 2.5
V9741028: 4
V9741029: 3.66666666666667
V9741030: 2.5
V9741032: 4
V9741034: 4
V9741036: 4
V9741041: 4.5
V9741043: 2.5
V9741047: 3.66666666666667
V9741053: 4.5
V9741057: 3.33333333333333
V9741059: 2.33333333333333
V9741060: 4.5
V9741066: 3.66666666666667
