---
N9561732: 1.55555555555556
N9661712: 1.55555555555556
N9661752: 2.22222222222222
U9616041: 2.55555555555556
V9724004: 0.333333333333333
V9741010: 1.55555555555556
V9741016: 1.33333333333333
V9741023: 2.33333333333333
V9741025: 2.33333333333333
V9741028: 2
V9741029: 1.44444444444444
V9741030: 1.22222222222222
V9741032: 1.11111111111111
V9741034: 2.33333333333333
V9741036: 2.22222222222222
V9741041: 2.33333333333333
V9741043: 1.88888888888889
V9741047: 1.55555555555556
V9741053: 1.66666666666667
V9741057: 1.11111111111111
V9741059: 1.11111111111111
V9741060: 0.777777777777778
V9741066: 1.77777777777778
