---
N03200006: 21.2966666666667
N03200008: 42.6455555555556
N03200030: 16.6666666666667
N03200034: 26.4555555555556
N04200001: 67.3288888888889
N04200003: 63.0144444444444
N04200005: 80.5033333333333
N04200010: 69.2333333333333
N04200012: 10.1855555555556
N04200014: 71.9577777777778
N04200022: 64.55
N04200025: 29.9988888888889
N04200029: 17.1288888888889
N04200032: 49.5511111111111
N04200041: 62.4866666666667
N04200045: 36.8511111111111
N04200049: 55.6077777777778
N04200051: 22.2222222222222
N04200055: 14.3511111111111
N04200057: 62.46
N04200060: 38.7033333333333
N04203106: 51.9311111111111
N05202101: 39.0744444444444
N05202103: 58.6244444444444
