---
T9831003: 2.33333333333333
T9831015: 4
T9831018: 3
T9831023: 3.66666666666667
T9831030: 3
U9742047: 3.33333333333333
U9831002: 3.33333333333333
U9831005: 3
U9831006: 3.33333333333333
U9831007: 3.66666666666667
U9831012: 4
U9831016: 4.33333333333333
U9831018: 3
U9831021: 3.33333333333333
U9831024: 3
U9831028: 4.33333333333333
U9831035: 3.66666666666667
U9831039: 3
U9831040: 3.66666666666667
U9831043: 2.33333333333333
U9831044: 3.66666666666667
U9831046: 2.33333333333333
U9831049: 3.66666666666667
U9831102: 3
U9831106: 3.66666666666667
U9831109: 4
U9831110: 2.5
U9831112: 2.5
U9831114: 2.33333333333333
U9831116: 3
U9831122: 4
U9831124: 3.66666666666667
U9831127: 2.5
U9831128: 3.66666666666667
U9831130: 3
U9831131: 4.33333333333333
U9831135: 3
U9831138: 3.66666666666667
U9831140: 3.66666666666667
U9831143: 2.5
U9831144: 4.33333333333333
U9831147: 3
