---
N00120056: 5
N00200001: 3.33333333333333
N00200003: 3
N00200006: 4
N00200007: 3.5
N00200008: 3.5
N00200009: 3.66666666666667
N00200010: 3
N00200014: 4
N00200015: 4
N00200017: 4
N00200022: 2
N00200025: 4
N00200029: 4
N00200030: 4.5
N00200031: 4
N00200032: 4
N00200034: 3
N00200036: 4.5
N00200037: 4
N00200042: 5
N00200043: 4
N00200044: 2.33333333333333
N00200045: 5
N00200048: 4
N00200054: 3.16666666666667
N00200055: 4
N00200056: 4
N00200058: 4.5
N00202103: 4.5
N01202001: 3
N01202002: 3.5
N01202003: 0
N01202004: 3.83333333333333
N01202101: 3.66666666666667
N01202103: 1.5
N01202105: 3
N02203102: 5
N98200021: 3
N99030025: 2.5
N99030033: 3.5
