---
V0241004: 3.75
V0241008: 1.91666666666666
V0241064: 5
V0341001: 2.83333333333333
V0341003: 1.41666666666666
V0341004: 2.33333333333333
V0341005: 0
V0341009: 2.16666666666667
V0341010: 2.75
V0341011: 2.66666666666667
V0341012: 2.25
V0341013: 2.66666666666667
V0341015: 3.16666666666667
V0341016: 2.25
V0341017: 2.66666666666667
V0341019: 2.5
V0341021: 2.75
V0341022: 2
V0341023: 3.25
V0341024: 2.75
V0341025: 2.75
V0341027: 1.91666666666666
V0341029: 0
V0341031: 2.25
V0341032: 1.41666666666666
V0341033: 5
V0341034: 5
V0341035: 2.83333333333333
V0341036: 2.75
V0341037: 2.75
V0341039: 2.16666666666667
V0341041: 2
V0341044: 1.41666666666666
V0341046: 0
V0341051: 2.75
V0341052: 0.916666666666665
