---
V0341046: 0
V0341005: 0
V0341029: 0

V0241004: 4.5
V0241008: 1.83333333333333
V0241064: 5
V0341001: 3.66666666666667
V0341003: 1.83333333333333
V0341004: 3.66666666666667
V0341009: 3.33333333333333
V0341010: 3.5
V0341011: 4.33333333333333
V0341012: 3.5
V0341013: 4.33333333333333
V0341015: 4.33333333333333
V0341016: 3.5
V0341017: 3.33333333333333
V0341019: 3
V0341021: 3.5
V0341022: 3
V0341023: 4.5
V0341024: 3.5
V0341025: 3.5
V0341027: 1.83333333333333
V0341031: 3.5
V0341032: 1.83333333333333
V0341033: 5
V0341034: 5
V0341035: 3.66666666666667
V0341036: 4.5
V0341037: 3.5
V0341039: 3.33333333333333
V0341041: 3
V0341044: 1.83333333333333
V0341051: 3.5
V0341052: 1.83333333333333
