---
B00200054: 3
N00082007: 3
N01200010: 3
N01200014: 3.66666666666667
N01200016: 3.33333333333333
N01200018: 4
N01200021: 3
N01200023: 3
N01200024: 3
N01200025: 4
N01200028: 3
N01200033: 3.66666666666667
N01200035: 3.33333333333333
N01200038: 3
N01200041: 4
N01200051: 3.33333333333333
N01200056: 3.33333333333333
N01200058: 3.66666666666667
N02202101: 3.66666666666667
N02202104: 3.66666666666667
N02202106: 3
N02202110: 3
N02202112: 3
N02202113: 3
N02202114: 3
N97120058: 3
N97200033: 3.33333333333333
N97200035: 3
N99080075: 3.66666666666667
N99080092: 3.33333333333333
