---
B01140007: 3.5
B01140060: 4.33333333333333
B01140112: 3.75
B02200005: 4.33333333333333
B02200013: 4.83333333333333
B02200017: 3.25
B02200023: 4.83333333333333
B02200027: 4.25
B02200031: 4.25
B02200035: 4.25
B02200039: 3.75
B02200046: 0
B02200050: 0
B02200058: 3.75
B02200062: 3.25
B02200066: 4.25
B02200068: 3.25
B02200072: 3.25
B02200076: 4
B02200082: 3.25
B02200086: 0
B02200090: 3.25
B02200094: 0
B02200098: 2.33333333333333
B02200102: 3.5
B02200106: 4.33333333333333
B03202203: 3.25
