---
B04200066: 0
B05200009: 3.08127078947368
B05200013: 0
B05200018: 4.31272657894737
B05200022: 2.716395
B05200026: 3.36194447368421
B05200032: 3.06986842105263
B05200036: 4.52586315789474
B05200043: 2.783055
B05200048: 1.6665
B05200054: 4.6662
B05200058: 4.24255815789474
B05200066: 3.11986342105263
B05200070: 1.9998
B05200074: 3.049695
B05200078: 3.33036868421053
B05200082: 4.83285
B05200086: 0
B05200092: 3.36194447368421
B05210064: 4.049595
B06202101: 4.19256315789474
B06202102: 3.333
B06202104: 3.70138421052632
B06202106: 2.28047368421053
