---
B02200046: 0
B02200050: 0
B02200086: 0
B02200094: 0

B01140007: 3
B01140060: 4.66666666666667
B01140112: 3.5
B02200005: 4.66666666666667
B02200013: 4.66666666666667
B02200017: 2.5
B02200023: 4.66666666666667
B02200027: 4.5
B02200031: 4.5
B02200035: 3.5
B02200039: 3.5
B02200058: 3.5
B02200062: 2.5
B02200066: 3.5
B02200068: 2.5
B02200072: 2.5
B02200076: 3
B02200082: 2.5
B02200090: 2.5
B02200098: 4.66666666666667
B02200102: 3
B02200106: 4.66666666666667
B03202203: 2.5
