---
V0141001: 4.66666666666667
V0141062: 4.58333333333333
V0141063: 4.25
V0241001: 4.58333333333333
V0241004: 4
V0241012: 0
V0241014: 4.08333333333333
V0241020: 1.58333333333334
V0241022: 2.58333333333333
V0241024: 3.75
V0241026: 3.5
V0241029: 4.08333333333333
V0241030: 3.91666666666667
V0241031: 3.58333333333333
V0241032: 3.41666666666667
V0241034: 4.25
V0241037: 0
V0241038: 4
V0241039: 4.08333333333333
V0241041: 4.58333333333333
V0241042: 3.58333333333333
V0241044: 4.16666666666667
V0241045: 4.16666666666667
V0241046: 2.08333333333333
V0241063: 0
V0241064: 3.91666666666667
V0241065: 4.58333333333333
V0241066: 3.58333333333333
V0241067: 3.08333333333333
