---
V0241063: 0
V0241037: 0
V0241012: 0

V0141001: 4.33333333333333
V0141062: 4.16666666666667
V0141063: 4.5
V0241001: 4.16666666666667
V0241004: 4
V0241014: 3.16666666666667
V0241020: 3.16666666666667
V0241022: 4.16666666666667
V0241024: 4.5
V0241026: 4
V0241029: 4.16666666666667
V0241030: 3.83333333333333
V0241031: 4.16666666666667
V0241032: 3.83333333333333
V0241034: 4.5
V0241038: 4
V0241039: 4.16666666666667
V0241041: 4.16666666666667
V0241042: 3.16666666666667
V0241044: 4.33333333333333
V0241045: 4.33333333333333
V0241046: 3.16666666666667
V0241064: 3.83333333333333
V0241065: 4.16666666666667
V0241066: 3.16666666666667
V0241067: 3.16666666666667
