---
N9561732: 3.5462962962963
N9661712: 3.5462962962963
N9661752: 3.01851851851852
U9616041: 4.37962962962963
V9724004: 2.27777777777778
V9741010: 2.96296296296296
V9741016: 3.11111111111111
V9741023: 3.11111111111111
V9741025: 3.19444444444444
V9741028: 3.66666666666667
V9741029: 3.03703703703704
V9741030: 2.26851851851852
V9741032: 2.92592592592593
V9741034: 3.94444444444444
V9741036: 3.85185185185185
V9741041: 4.19444444444444
V9741043: 2.82407407407407
V9741047: 3.12962962962963
V9741053: 3.63888888888889
V9741057: 2.59259259259259
V9741059: 2.09259259259259
V9741060: 2.89814814814815
V9741066: 3.31481481481482
