---
V9841031: 0

V0041039: 3.4
V0041053: 4.33333333333333
V0141013: 3.8
V9741064: 4.33333333333333
V9741065: 4.33333333333333
V9841002: 4.73333333333333
V9841006: 3.4
V9841010: 3.4
V9841011: 3.4
V9841013: 4.73333333333333
V9841020: 4.33333333333333
V9841022: 4.73333333333333
V9841027: 4.33333333333333
V9841028: 3.8
V9841030: 3.8
V9841040: 3.8
V9841048: 3.8
V9841049: 3.93333333333333
V9841050: 4.33333333333333
V9841051: 3.93333333333333
V9841053: 3.93333333333333
V9841054: 3.8
V9841058: 3.4
