---
V0041039: 4.62962962962963
V0041053: 4.25925925925926
V0141013: 3.51851851851852
V9741064: 4.62962962962963
V9741065: 3.88888888888889
V9841002: 4.25925925925926
V9841006: 4.25925925925926
V9841010: 3.88888888888889
V9841011: 2.96296296296296
V9841013: 3.51851851851852
V9841020: 4.07407407407407
V9841022: 3.7037037037037
V9841027: 3.33333333333333
V9841028: 3.51851851851852
V9841030: 5
V9841031: 0
V9841040: 3.88888888888889
V9841048: 3.51851851851852
V9841049: 4.44444444444444
V9841050: 4.62962962962963
V9841051: 3.51851851851852
V9841053: 3.88888888888889
V9841054: 3.51851851851852
V9841058: 2.40740740740741
