---
U0016044: 3.5
U0022342: 3.25
U0022343: 3.91666666666667
U0110031: 3.25
U9816034: 3.91666666666667
U9911001: 0
U9911202: 4
U9911220: 3.91666666666667
U9921307: 0
