---
U0457021: 92.3809523809524
U0533017: 92.3809523809524
U0558009: 100
U0631106: 100
U0710018: 88.5714285714286
U0758013: 82.8571428571429
U0758018: 100
U0758019: 92.3809523809524
U0758033: 82.8571428571429
U0843004: 88.5714285714286
U0843043: 88.5714285714286
