---
N9661753: 4
T9811035: 4
T9831040: 4
U9623038: 4.53333333333333
U9711025: 4
U9711052: 4
U9715014: 4
U9723056: 4
U9813024: 4
U9823011: 4
U9831049: 4
U9922235: 4.53333333333333
U9931143: 4
V9741065: 4
V9841007: 4
