---
N01120009: 0
N03093105: 2.6664
N04200017: 0
N05200001: 4.6245375
N05200002: 0
N05200005: 3.73296
N05200007: 4.249575
N05200008: 0
N05200009: 0
N05200011: 2.9997
N05200013: 3.916275
N05200016: 4.13292
N05200017: 3.416325
N05200018: 4.4578875
N05200020: 0
N05200021: 0.83325
N05200022: 3.81211875
N05200023: 0
N05200026: 4.249575
N05200027: 0
N05200029: 3.16635
N05200031: 0
N05200035: 4.6662
N05200036: 2.8886
N05200039: 3.249675
N05200040: 0
N05200041: 2.2081125
N06202102: 0
N06202103: 0
N06202104: 0
N06203101: 0
