---
V0241004: 1.83333333333334
V0241008: 2.83333333333333
V0241064: 4.08333333333333
V0341001: 4.08333333333333
V0341003: 2.91666666666667
V0341004: 3.5
V0341005: 2.41666666666667
V0341009: 3.58333333333333
V0341010: 4.08333333333333
V0341011: 4.41666666666667
V0341012: 2.83333333333333
V0341013: 3.58333333333333
V0341015: 3.58333333333333
V0341016: 3.16666666666667
V0341017: 0
V0341019: 3.75
V0341021: 0
V0341022: 3.41666666666667
V0341023: 4.25
V0341024: 2.91666666666667
V0341025: 4.25
V0341027: 3.83333333333333
V0341029: 0
V0341031: 2.41666666666667
V0341032: 3.66666666666667
V0341033: 4.25
V0341034: 4.25
V0341035: 4.5
V0341036: 3.91666666666667
V0341037: 0
V0341039: 3.16666666666667
V0341041: 2.91666666666667
V0341044: 3.83333333333333
V0341046: 2.83333333333333
V0341047: 0
V0341051: 3.75
V0341052: 3.5
