---
V0341047: 0
V0341029: 0
V0341017: 0
V0341021: 0
V0341037: 0

V0241004: 3.66666666666667
V0241008: 2.66666666666667
V0241064: 4.16666666666667
V0341001: 4.16666666666667
V0341003: 2.83333333333333
V0341004: 4
V0341005: 1.83333333333333
V0341009: 4.16666666666667
V0341010: 4.16666666666667
V0341011: 3.83333333333333
V0341012: 2.66666666666667
V0341013: 4.16666666666667
V0341015: 4.16666666666667
V0341016: 3.33333333333333
V0341019: 4.5
V0341022: 3.83333333333333
V0341023: 4.5
V0341024: 2.83333333333333
V0341025: 4.5
V0341027: 3.66666666666667
V0341031: 1.83333333333333
V0341032: 3.33333333333333
V0341033: 4.5
V0341034: 4.5
V0341035: 4
V0341036: 3.83333333333333
V0341039: 3.33333333333333
V0341041: 1.83333333333333
V0341044: 3.66666666666667
V0341046: 2.66666666666667
V0341051: 4.5
V0341052: 4
