---
N03093105: 3.333
N05200001: 4.416225
N05200002: 0
N05200005: 3.2913375
N05200007: 4.416225
N05200011: 0
N05200013: 3.2913375
N05200016: 4.49955
N05200017: 3.16635
N05200018: 3.416325
N05200022: 0
N05200023: 0
N05200026: 0
N05200029: 3.2913375
N05200035: 4.3329
N05200036: 2.416425
N05200039: 0
N05200040: 0
N05200041: 0
