---
U0034017: 0

T9831030: 3
U0031032: 5
U0031046: 1
U0034001: 3
U0034002: 3
U0034003: 1
U0034004: 3.66666666666667
U0034005: 0.333333333333333
U0034006: 3
U0034007: 3
U0034008: 5
U0034009: 1
U0034010: 5
U0034011: 1
U0034012: 5
U0034013: 5
U0034014: 1
U0034015: 5
U0034016: 1.66666666666667
U0034023: 5
U0034024: 1
U0034025: 3
U0034026: 1
U0034027: 3
U0034028: 3.66666666666667
U0034029: 3
U0034030: 5
U0034031: 2.33333333333333
U0034032: 1
U0034033: 3
U0034034: 1
U0034035: 5
U0034036: 3
U0034037: 1
U0034038: 1
U0034040: 1
U0034042: 2.33333333333333
U0034043: 1
U0034044: 3
U0034045: 5
U0034046: 5
U0034049: 3.66666666666667
U0034050: 1.66666666666667
U0034051: 1
U0034055: 1
U0034056: 1
U9733015: 3.66666666666667
U9834018: 2.33333333333333
