---
B00200054: 3.66666666666667
N00082007: 3.33333333333333
N01200008: 3.66666666666667
N01200021: 4.5
N01200023: 3.66666666666667
N01200024: 4
N01200025: 3.66666666666667
N01200029: 3.66666666666667
N01200033: 3.66666666666667
N01200035: 4
N01200041: 4.5
N01200051: 3
N01200056: 3.33333333333333
N02202101: 4
N02202106: 4.5
N02202110: 3
N02202112: 3
N02202114: 3.66666666666667
N97120058: 3.66666666666667
N97200033: 3.66666666666667
N99080092: 3.33333333333333
