---
V9741022: 2.33333333333333
V9841002: 3
V9841008: 0
V9841031: 2.66666666666667
V9841042: 2.9
V9841049: 2.66666666666667
V9916050: 2.8
V9941007: 4.3
V9941011: 3.8
V9941013: 2.83333333333333
V9941015: 3.86666666666666
V9941023: 4.5
V9941026: 3.83333333333333
V9941029: 3.8
V9941032: 2.4
V9941036: 4.66666666666667
V9941040: 2.86666666666666
V9941045: 2.86666666666666
V9941047: 2.86666666666666
V9941050: 3.8
V9941059: 3.8
V9941062: 2.4
V9941068: 3.5
V9941071: 2.86666666666666
V9941075: 3.86666666666666
