---
V0041022: 2.91666666666667
V0141002: 4.08333333333333
V0141006: 4
V0141009: 4.08333333333333
V0141012: 3.66666666666667
V0141017: 3
V0141019: 4.08333333333333
V0141022: 3.41666666666667
V0141025: 3.58333333333333
V0141028: 3.58333333333333
V0141035: 3.5
V0141037: 2.41666666666667
V0141041: 4
V0141042: 3.58333333333333
V0141048: 4.25
V0141050: 3
V0141052: 3.25
V0141054: 3.16666666666667
V0141058: 4
V0141060: 3.25
V9941077: 4.16666666666667
