---
V0041022: 2.83333333333333
V0141002: 3.16666666666667
V0141006: 4
V0141009: 4.16666666666667
V0141012: 4.33333333333333
V0141017: 3
V0141019: 4.16666666666667
V0141022: 2.83333333333333
V0141025: 3.16666666666667
V0141028: 3.16666666666667
V0141035: 4
V0141037: 2.83333333333333
V0141041: 4
V0141042: 4.16666666666667
V0141048: 3.5
V0141050: 3
V0141052: 3.5
V0141054: 4.33333333333333
V0141058: 3
V0141060: 3.5
V9941077: 4.33333333333333
