---
T9831019: 2.5
U0022016: 3
U0031001: 3.5
U0031002: 4
U0031003: 5
U0031004: 4
U0031005: 3.5
U0031006: 3.16666666666667
U0031007: 2.83333333333333
U0031008: 4
U0031009: 4
U0031010: 4
U0031011: 4
U0031012: 3.16666666666667
U0031013: 5
U0031014: 3
U0031016: 5
U0031017: 4
U0031018: 4
U0031020: 3.83333333333333
U0031022: 3.83333333333333
U0031024: 4.33333333333333
U0031025: 4.66666666666667
U0031026: 3.5
U0031027: 3.5
U0031028: 4.33333333333333
U0031029: 4.5
U0031031: 3.5
U0031033: 2.5
U0031034: 3.33333333333333
U0031035: 4.33333333333333
U0031036: 4.16666666666667
U0031037: 2.83333333333333
U0031038: 4.5
U0031039: 3.83333333333333
U0031040: 4
U0031041: 2.83333333333333
U0031042: 3.5
U0031043: 2.83333333333333
U0031044: 3.83333333333333
U0031045: 3.83333333333333
U0031047: 3.5
U0031048: 3.5
U0031049: 3.83333333333333
U9831152: 4.33333333333333
U9833051: 3.5
