---
T9831019: 4
U0022016: 4
U0031001: 4
U0031002: 5
U0031003: 5
U0031004: 5
U0031005: 5
U0031006: 4.33333333333333
U0031007: 4.66666666666667
U0031008: 5
U0031009: 5
U0031010: 5
U0031011: 5
U0031012: 3.33333333333333
U0031013: 5
U0031014: 4
U0031016: 5
U0031017: 5
U0031018: 5
U0031020: 4.66666666666667
U0031022: 4.66666666666667
U0031024: 4.66666666666667
U0031025: 4.33333333333333
U0031026: 4
U0031027: 4
U0031028: 3.66666666666667
U0031029: 4
U0031031: 5
U0031033: 4
U0031034: 3.66666666666667
U0031035: 4.66666666666667
U0031036: 4.33333333333333
U0031037: 3.66666666666667
U0031038: 4
U0031039: 3.66666666666667
U0031040: 4
U0031041: 3.66666666666667
U0031042: 4
U0031043: 3.66666666666667
U0031044: 4.66666666666667
U0031045: 3.66666666666667
U0031047: 4
U0031048: 5
U0031049: 4.66666666666667
U9831152: 3.66666666666667
U9833051: 5
