---
U0022016: 2.77777777777778
U0031001: 3.44444444444444
U0031002: 3.22222222222222
U0031003: 3.44444444444444
U0031004: 3.22222222222222
U0031005: 3.66666666666667
U0031006: 2.77777777777778
U0031007: 2.77777777777778
U0031008: 3.88888888888889
U0031009: 2.33333333333333
U0031010: 3.66666666666667
U0031011: 3.22222222222222
U0031012: 4.77777777777778
U0031013: 3.88888888888889
U0031014: 3.88888888888889
U0031016: 3.66666666666667
U0031017: 3.44444444444444
U0031018: 3.44444444444444
U0031020: 2.77777777777778
U0031022: 3.22222222222222
U0031024: 3.66666666666667
U0031025: 3.44444444444444
U0031026: 3.22222222222222
U0031027: 3
U0031028: 4.11111111111111
U0031029: 3.66666666666667
U0031031: 3.88888888888889
U0031033: 2.77777777777778
U0031034: 3.66666666666667
U0031035: 3
U0031036: 4.77777777777778
U0031037: 3.22222222222222
U0031038: 2.33333333333333
U0031039: 4.11111111111111
U0031040: 2.77777777777778
U0031041: 3
U0031042: 2.33333333333333
U0031043: 3.88888888888889
U0031044: 3.66666666666667
U0031045: 4.11111111111111
U0031047: 3.88888888888889
U0031048: 3.44444444444444
U0031049: 4.77777777777778
U9831006: 3.66666666666667
U9831144: 3.66666666666667
U9831152: 3.44444444444444
U9931129: 3.44444444444444
U9931152: 3.44444444444444
