---
B03200025: 1.6665
B04200010: 0
B04200022: 0
B06060001: 0
B06200003: 4.20085491803279
B06200008: 0
B06200012: 0
B06200018: 4.05970327868852
B06200024: 0
B06200028: 4.50956721311475
B06200032: 4.23090655737705
B06200038: 4.20085491803279
B06200047: 0
B06200059: 0
B06200064: 0
B06200068: 4.51503114754098
B06200072: 4.6662
B06200078: 0
B07202109: 0
B07202113: 4.50956721311475
