---
exercise: tenant
grade:
  B03200025: 0
  B04200010: 0
  B04200022: 0
  B06060001: 0
  B06200003: 4.27049180327869
  B06200008: 0
  B06200012: 0
  B06200018: 4.18032786885246
  B06200024: 0
  B06200028: 4.19672131147541
  B06200032: 4.36065573770492
  B06200038: 4.27049180327869
  B06200047: 0
  B06200059: 0
  B06200064: 0
  B06200068: 4.21311475409836
  B06200072: 5
  B06200078: 0
  B07202109: 0
  B07202113: 4.19672131147541
points:
  B03200025:
    answer: 0
    question: 0
    try: 0
  B04200010:
    answer: 0
    question: 0
    try: 0
  B04200022:
    answer: 0
    question: 0
    try: 0
  B06060001:
    answer: 0
    question: 0
    try: 0
  B06200003:
    answer: 2
    question: 8
    try: 18
  B06200008:
    answer: 0
    question: 0
    try: 0
  B06200012:
    answer: 0
    question: 0
    try: 0
  B06200018:
    answer: 2
    question: 2
    try: 19
  B06200024:
    answer: 0
    question: 0
    try: 0
  B06200028:
    answer: 2
    question: 4
    try: 17
  B06200032:
    answer: 9
    question: 10
    try: 25
  B06200038:
    answer: 5
    question: 5
    try: 24
  B06200047:
    answer: 0
    question: 0
    try: 0
  B06200059:
    answer: 0
    question: 0
    try: 0
  B06200064:
    answer: 0
    question: 0
    try: 0
  B06200068:
    answer: 5
    question: 5
    try: 17
  B06200072:
    answer: 31
    question: 32
    try: 59
  B06200078:
    answer: 0
    question: 0
    try: 0
  B07202109:
    answer: 0
    question: 0
    try: 0
  B07202113:
    answer: 3
    question: 4
    try: 17
report: |+
  try: 1
  grammatical: 2
  correct: 0
  Player     Question Grammatical Answers   Total     Grade
  B03200025      0        0         0         0        0.0
  B04200010      0        0         0         0        0.0
  B04200022      0        0         0         0        0.0
  B06060001      0        0         0         0        0.0
  B06200003     18        8         2        34        4.3
  B06200008      0        0         0         0        0.0
  B06200012      0        0         0         0        0.0
  B06200018     19        2         2        23        4.2
  B06200024      0        0         0         0        0.0
  B06200028     17        4         2        25        4.2
  B06200032     25       10         9        45        4.4
  B06200038     24        5         5        34        4.3
  B06200047      0        0         0         0        0.0
  B06200059      0        0         0         0        0.0
  B06200064      0        0         0         0        0.0
  B06200068     17        5         5        27        4.2
  B06200072     59       32        31       123        5.0
  B06200078      0        0         0         0        0.0
  B07202109      0        0         0         0        0.0
  B07202113     17        4         3        25        4.2
  Class Totals
             Question Grammatical Answers   Total     Grade
               196         70        59       336      4.3
---
B03200025: 0
B04200010: 0
B04200022: 0
B06060001: 0
B06200003: 4.27049180327869
B06200008: 0
B06200012: 0
B06200018: 4.18032786885246
B06200024: 0
B06200028: 4.19672131147541
B06200032: 4.36065573770492
B06200038: 4.27049180327869
B06200047: 0
B06200059: 0
B06200064: 0
B06200068: 4.21311475409836
B06200072: 5
B06200078: 0
B07202109: 0
B07202113: 4.19672131147541
