---
U0143020: 4.4
V0241017: 4.03333333333333
V0341010: 4.03333333333333
V0341012: 4.53333333333333
V0341016: 4.53333333333333
V0341022: 3.9
V0341025: 4.66666666666667
V0341031: 4.16666666666667
V0341034: 4.53333333333333
V0341036: 4.03333333333333
V0341039: 4.16666666666667
V0341051: 3.9
