---
V0341001: 78.5
V0341005: 65.5
V0341010: 66
V0341011: 34.1666666666667
V0341012: 76.3333333333333
V0341015: 72.8333333333333
V0341016: 65.3333333333333
V0341019: 73.8333333333333
V0341025: 68
V0341027: 0
V0341033: 81
V0341034: 65.6666666666667
V0341037: 58.8333333333333
V0341051: 65.5
