---
V0341021: 1.25
V0341022: 3.25
V0341024: 4.41666666666667
V0341025: 3.75
V0341027: 3.75
V0341031: 2.91666666666667
V0341033: 1.08333333333334
V0341034: 1.08333333333334
V0341035: 3.91666666666667
V0341036: 3.25
V0341037: 4
V0341039: 3.25
V0341044: 2
V0341051: 3.25
V0341052: 2.75
