---
V0341027: 0

V0341001: 80
V0341005: 80
V0341010: 70
V0341011: 43.3333333333333
V0341012: 86.6666666666667
V0341015: 86.6666666666667
V0341016: 86.6666666666667
V0341019: 66.6666666666667
V0341025: 70
V0341033: 70
V0341034: 43.3333333333333
V0341037: 66.6666666666667
V0341051: 80
