---
U0143020: 3.8
V0241017: 4.06666666666667
V0341010: 4.06666666666667
V0341012: 4.06666666666667
V0341016: 4.06666666666667
V0341022: 3.8
V0341025: 4.33333333333333
V0341031: 4.33333333333333
V0341034: 4.06666666666667
V0341036: 4.06666666666667
V0341039: 4.33333333333333
V0341051: 3.8
