---
V0341021: 1.5
V0341022: 3.5
V0341024: 3.83333333333333
V0341025: 4.5
V0341027: 4.5
V0341031: 3.83333333333333
V0341033: 2.16666666666667
V0341034: 2.16666666666667
V0341035: 3.83333333333333
V0341036: 1.5
V0341037: 3
V0341039: 3.5
V0341044: 3
V0341051: 4.5
V0341052: 1.5
