---
N00200045: 3.6
N00200059: 4
N01200002: 4.26666666666666
N01200008: 3.46666666666667
N01200021: 3.13333333333334
N01200023: 4
N01200025: 2.66666666666667
N01200029: 0
N01200030: 0
N01200033: 2.73333333333334
N01200035: 2.96666666666667
N01200038: 4.1
N01200041: 3.63333333333334
N01200042: 3.46666666666667
N01200046: 3.13333333333334
N01200056: 2.66666666666667
N02202101: 0
N02202105: 4.6
N02202106: 3.1
N02202110: 3.76666666666666
N02202114: 3.76666666666666
N02202201: 3.6
N03203102: 3.73333333333334
N03203104: 2.73333333333334
N03203105: 3.5
