---
N01200029: 0
N02202101: 0
N01200030: 0

N00200045: 3.2
N00200059: 4
N01200002: 3.53333333333333
N01200008: 3.93333333333333
N01200021: 4.26666666666667
N01200023: 4
N01200025: 3.33333333333333
N01200033: 3.46666666666667
N01200035: 3.93333333333333
N01200038: 4.2
N01200041: 4.26666666666667
N01200042: 3.93333333333333
N01200046: 4.26666666666667
N01200056: 3.33333333333333
N02202105: 4.2
N02202106: 4.2
N02202110: 3.53333333333333
N02202114: 3.53333333333333
N02202201: 3.2
N03203102: 3.46666666666667
N03203104: 3.46666666666667
N03203105: 4
