---
V0041039: 4.01481481481482
V0041053: 4.29629629629629
V0141013: 3.65925925925926
V9741064: 4.48148148148148
V9741065: 4.11111111111111
V9841002: 4.4962962962963
V9841006: 3.82962962962963
V9841010: 3.64444444444444
V9841011: 3.18148148148148
V9841013: 4.12592592592592
V9841020: 4.2037037037037
V9841022: 4.21851851851852
V9841027: 3.83333333333333
V9841028: 3.65925925925926
V9841030: 4.4
V9841031: 0
V9841040: 3.84444444444444
V9841048: 3.65925925925926
V9841049: 4.18888888888889
V9841050: 4.48148148148148
V9841051: 3.72592592592592
V9841053: 3.91111111111111
V9841054: 3.65925925925926
V9841058: 2.9037037037037
