---
T9823041: 4.06666666666667
V9741044: 4.6
V9741064: 4.6
V9841022: 4.6
V9841010: 3.93333333333333
V9841011: 2.86666666666667
V9841025: 2.86666666666667
V9841028: 4.33333333333333
V9841042: 4.06666666666667
V9841049: 4.73333333333333
V9941001: 4.06666666666667
V9941007: 4.2
V9941011: 4.06666666666667
V9941012: 3.93333333333333
V9941013: 4.2
V9941015: 4.33333333333333
V9941022: 4.6
V9941026: 4.6
V9941027: 4.2
V9941029: 4.2
V9941037: 4.33333333333333
V9941040: 4.06666666666667
V9941047: 4.2
V9941049: 2.86666666666667
V9941050: 3.93333333333333
V9941059: 4.73333333333333
V9941060: 0
V9941067: 4.6
V9941075: 4.73333333333333
V9941077: 4.2
