---
T9823041: 5
V9741044: 4.07407407407407
V9741064: 4.81481481481481
V9841010: 4.62962962962963
V9841011: 3.51851851851852
V9841025: 4.07407407407407
V9841028: 3.7037037037037
V9841042: 4.81481481481481
V9841049: 4.07407407407407
V9941001: 1.11111111111111
V9941007: 3.14814814814815
V9941011: 4.07407407407407
V9941012: 4.44444444444444
V9941013: 3.7037037037037
V9941015: 4.81481481481481
V9941022: 0
V9941023: 0
V9941026: 4.25925925925926
V9941027: 4.44444444444444
V9941029: 5
V9941037: 2.96296296296296
V9941040: 3.7037037037037
V9941045: 4.62962962962963
V9941047: 3.88888888888889
V9941049: 0
V9941050: 2.59259259259259
V9941059: 2.77777777777778
V9941060: 0
V9941067: 2.40740740740741
V9941073: 0
V9941075: 4.62962962962963
V9941077: 0
