---
T9831003: 2.5
T9831015: 2.5
T9831018: 3.83333333333333
T9831023: 3.83333333333333
T9831030: 3.83333333333333
U9742047: 4
U9831002: 3.66666666666667
U9831005: 2.5
U9831007: 3.5
U9831012: 3.5
U9831016: 5
U9831018: 4.33333333333333
U9831021: 4.33333333333333
U9831024: 5
U9831028: 3.5
U9831035: 3.5
U9831039: 4.5
U9831040: 2.5
U9831043: 3.66666666666667
U9831044: 4
U9831046: 3.83333333333333
U9831049: 3.83333333333333
U9831102: 3.83333333333333
U9831106: 4
U9831109: 4
U9831110: 3.66666666666667
U9831112: 2.5
U9831114: 4.5
U9831116: 3.5
U9831119: 3.5
U9831122: 5
U9831124: 4.33333333333333
U9831127: 4.33333333333333
U9831128: 5
U9831130: 3.5
U9831131: 3.5
U9831132: 4.5
U9831135: 2.5
U9831138: 3.66666666666667
U9831140: 3.83333333333333
U9831143: 3.83333333333333
U9831144: 4.5
U9831147: 2.5
