---
U0122213: 4
U0218037: 3.91666666666667
U0222015: 4.25
U9923128: 0
V9941031: 4.41666666666667
V9941036: 3.91666666666667
V9941057: 3.75
