---
U9923128: 0

U0122213: 3
U0218037: 4.83333333333333
U0222015: 3.5
V9941031: 4.83333333333333
V9941036: 4.83333333333333
V9941057: 3.5
