---
V0031007: 0
V0141001: 3.66666666666667
V0141003: 2.5
V0141008: 4.25
V0141011: 2.83333333333333
V0141016: 4.08333333333333
V0141018: 4
V0141021: 3.33333333333333
V0141023: 3.25
V0141026: 2.5
V0141029: 4.08333333333333
V0141036: 3.16666666666667
V0141038: 2.5
V0141042: 3.33333333333333
V0141046: 3.33333333333333
V0141049: 3.5
V0141051: 4.58333333333333
V0141053: 4.25
V0141055: 3
V0141059: 4.25
V0141061: 2.83333333333333
V0141063: 0
V0141065: 0
V9941077: 2.75
