---
V0141063: 0
V0031007: 0
V0141065: 0

V0141001: 2.33333333333333
V0141003: 4
V0141008: 4.5
V0141011: 2.66666666666667
V0141016: 4.16666666666667
V0141018: 4
V0141021: 2.66666666666667
V0141023: 2.5
V0141026: 4
V0141029: 4.16666666666667
V0141036: 2.33333333333333
V0141038: 4
V0141042: 2.66666666666667
V0141046: 2.66666666666667
V0141049: 4
V0141051: 4.16666666666667
V0141053: 4.5
V0141055: 4
V0141059: 4.5
V0141061: 2.66666666666667
V9941077: 2.5
