---
U0016014: 4.25
U0031022: 4.58333333333333
U0043029: 4.25
U0111135: 4.08333333333333
U0115001: 3.08333333333333
U0222112: 3.75
U0222303: 4.08333333333333
U0311011: 2.08333333333333
U9810037: 0
