---
U9810037: 0

U0016014: 4.5
U0031022: 4.16666666666667
U0043029: 4.5
U0111135: 3.16666666666667
U0115001: 3.16666666666667
U0222112: 4.5
U0222303: 4.16666666666667
U0311011: 3.16666666666667
