---
N02200001: 4.66666666666667
N02200003: 4.11111111111111
N02200006: 2.88888888888889
N02200009: 3.66666666666667
N02200011: 4.44444444444444
N02200013: 0
N02200016: 4.44444444444444
N02200020: 3.61111111111111
N02200024: 3.88888888888889
N02200026: 3.44444444444445
N02200028: 3.44444444444445
N02200030: 2.16666666666667
N02200032: 3.38888888888889
N02200040: 3.11111111111111
N02200043: 2.44444444444445
N02200045: 4.16666666666667
N02200047: 0
N02200049: 3.16666666666667
N02200051: 0
N02200057: 2.38888888888889
N02202102: 2.61111111111111
N03202103: 4.38888888888889
N03202105: 3.38888888888889
N99200030: 2.44444444444445
