---
N02200051: 0
N02200013: 0
N02200047: 0

N02200001: 4.33333333333333
N02200003: 4.22222222222222
N02200006: 4.77777777777778
N02200009: 4.33333333333333
N02200011: 3.88888888888889
N02200016: 3.88888888888889
N02200020: 4.22222222222222
N02200024: 4.77777777777778
N02200026: 3.88888888888889
N02200028: 3.88888888888889
N02200030: 3.33333333333333
N02200032: 3.77777777777778
N02200040: 4.22222222222222
N02200043: 3.88888888888889
N02200045: 3.33333333333333
N02200049: 3.33333333333333
N02200057: 3.77777777777778
N02202102: 4.22222222222222
N03202103: 4.77777777777778
N03202105: 3.77777777777778
N99200030: 3.88888888888889
