---
# absent
U9733013: 0
T9733022: 0

T9833004: 3.41666666666667
T9833006: 3.41666666666667
T9833009: 5
T9833013: 4.41666666666667
T9833025: 3.41666666666667
T9833027: 4.08333333333333
T9833028: 4.08333333333333
T9833030: 5
T9833032: 4.25
T9833035: 3.66666666666667
T9833037: 5
T9833039: 4.91666666666667
T9833043: 3.16666666666667
T9833045: 3.16666666666667
T9833046: 3.66666666666667
T9833050: 4.33333333333333
U9831107: 4.41666666666667
U9833001: 5
U9833002: 3.91666666666667
U9833003: 4.33333333333333
U9833005: 4.33333333333333
U9833007: 4
U9833009: 4.91666666666667
U9833011: 3.66666666666667
U9833014: 4.33333333333333
U9833015: 4.25
U9833019: 5
U9833020: 4.41666666666667
U9833022: 3.91666666666667
U9833023: 3.66666666666667
U9833024: 4.25
U9833025: 3.91666666666667
U9833026: 5
U9833030: 4.08333333333333
U9833031: 4.91666666666667
U9833034: 3.58333333333333
U9833035: 3.16666666666667
U9833038: 4
U9833039: 5
U9833040: 4.91666666666667
U9833041: 5
U9833043: 3.58333333333333
U9833044: 4.08333333333333
U9833045: 3.91666666666667
U9833047: 4.41666666666667
U9833048: 4
U9833049: 4
U9833050: 4.25
U9833052: 3.16666666666667
