---
B03200025: 3.16635
B04200010: 0
B04200022: 4.6662
B06060001: 1.3332
B06200003: 4.19725465116279
B06200008: 3.69730465116279
B06200012: 0
B06200018: 0
B06200024: 0
B06200028: 4.77471627906977
B06200032: 4.67007558139535
B06200038: 4.41041162790698
B06200047: 4.69720465116279
B06200059: 0
B06200064: 0
B06200068: 4.13136976744186
B06200072: 4.49955
B06200078: 0
B07202109: 4.0073511627907
B07202113: 4.52667906976744
B07202116: 0
