---
B01080096: 0
B01130056: 2.61111111111111
B02200062: 2.66666666666667
B02200064: 4.66666666666667
B02200086: 2.66666666666667
B02200098: 0
B03200005: 3.11111111111111
B03200007: 4.83333333333333
B03200011: 4.5
B03200015: 4.44444444444444
B03200019: 5
B03200023: 0
B03200027: 3.33333333333333
B03200031: 4
B03200037: 4.5
B03200039: 3.55555555555555
B03200043: 2.55555555555555
B03200052: 3
B03200056: 3.55555555555555
B03200064: 4.11111111111111
B03200068: 3.27777777777778
B03200072: 3
B03200078: 4.44444444444444
B03200084: 2.77777777777778
B03200092: 4.44444444444444
B03200100: 2.77777777777778
B03200102: 0
B03200106: 4.33333333333333
B03200110: 0
