---
B02200098: 0
B03200110: 0
B01080096: 0
B03200023: 0
B03200102: 0
B01130056: 4.22222222222222
B02200062: 4.33333333333333
B02200064: 4.33333333333333
B02200086: 4.33333333333333
B03200005: 4.22222222222222
B03200007: 4.66666666666667
B03200011: 4
B03200015: 3.88888888888889
B03200019: 5
B03200027: 4.66666666666667
B03200031: 5
B03200037: 5
B03200039: 3.11111111111111
B03200043: 3.11111111111111
B03200052: 4
B03200056: 3.11111111111111
B03200064: 4.22222222222222
B03200068: 4.55555555555556
B03200072: 4
B03200078: 3.88888888888889
B03200084: 4.55555555555556
B03200092: 3.88888888888889
B03200100: 4.55555555555556
B03200106: 4.66666666666667
