---
B02200046: 0
B02200054: 0
B02200035: 0

B02200005: 4.22222222222222
B02200013: 3.88888888888889
B02200017: 4.33333333333333
B02200023: 3.77777777777778
B02200027: 2.33333333333333
B02200031: 4.22222222222222
B02200039: 4.22222222222222
B02200050: 4.33333333333333
B02200058: 2.33333333333333
B02200066: 3.88888888888889
B02200068: 3.77777777777778
B02200072: 3.77777777777778
B02200076: 4.33333333333333
B02200082: 4.33333333333333
B02200086: 3.77777777777778
B02200090: 4.33333333333333
B02200094: 4.33333333333333
B02200102: 3.77777777777778
B02200106: 3.77777777777778
