---
exercise: summer
grade:
  B03200025: 0
  B04200010: 0
  B04200022: 0
  B06060001: 0
  B06200003: 4.09302325581395
  B06200008: 4.09302325581395
  B06200012: 0
  B06200018: 0
  B06200024: 0
  B06200028: 4.32558139534884
  B06200032: 4.51162790697674
  B06200038: 4.23255813953488
  B06200047: 4.09302325581395
  B06200059: 0
  B06200064: 0
  B06200068: 4.3953488372093
  B06200072: 5
  B06200078: 0
  B07202109: 4.02325581395349
  B07202113: 4.58139534883721
  B07202116: 0
points:
  B03200025:
    answer: 0
    question: 0
    try: 0
  B04200010:
    answer: 0
    question: 0
    try: 0
  B04200022:
    answer: 0
    question: 0
    try: 0
  B06060001:
    answer: 0
    question: 0
    try: 0
  B06200003:
    answer: 1
    question: 1
    try: 2
  B06200008:
    answer: 1
    question: 1
    try: 2
  B06200012:
    answer: 0
    question: 0
    try: 0
  B06200018:
    answer: 0
    question: 0
    try: 0
  B06200024:
    answer: 0
    question: 0
    try: 0
  B06200028:
    answer: 4
    question: 4
    try: 6
  B06200032:
    answer: 6
    question: 7
    try: 8
  B06200038:
    answer: 2
    question: 3
    try: 4
  B06200047:
    answer: 1
    question: 1
    try: 2
  B06200059:
    answer: 0
    question: 0
    try: 0
  B06200064:
    answer: 0
    question: 0
    try: 0
  B06200068:
    answer: 4
    question: 5
    try: 7
  B06200072:
    answer: 14
    question: 14
    try: 15
  B06200078:
    answer: 0
    question: 0
    try: 0
  B07202109:
    answer: 0
    question: 0
    try: 1
  B07202113:
    answer: 8
    question: 8
    try: 9
  B07202116:
    answer: 0
    question: 0
    try: 0
report: |+
  try: 1
  grammatical: 2
  correct: 0
  Player     Question Grammatical Answers   Total     Grade
  B03200025      0        0         0         0        0.0
  B04200010      0        0         0         0        0.0
  B04200022      0        0         0         0        0.0
  B06060001      0        0         0         0        0.0
  B06200003      2        1         1         4        4.1
  B06200008      2        1         1         4        4.1
  B06200012      0        0         0         0        0.0
  B06200018      0        0         0         0        0.0
  B06200024      0        0         0         0        0.0
  B06200028      6        4         4        14        4.3
  B06200032      8        7         6        22        4.5
  B06200038      4        3         2        10        4.2
  B06200047      2        1         1         4        4.1
  B06200059      0        0         0         0        0.0
  B06200064      0        0         0         0        0.0
  B06200068      7        5         4        17        4.4
  B06200072     15       14        14        43        5.0
  B06200078      0        0         0         0        0.0
  B07202109      1        0         0         1        4.0
  B07202113      9        8         8        25        4.6
  B07202116      0        0         0         0        0.0
  Class Totals
             Question Grammatical Answers   Total     Grade
                56         44        41       144      4.3
---
B03200025: 0
B04200010: 0
B04200022: 4
B06060001: 0
B06200003: 4.09302325581395
B06200008: 4.09302325581395
B06200012: 0
B06200018: 0
B06200024: 0
B06200028: 4.32558139534884
B06200032: 4.51162790697674
B06200038: 4.23255813953488
B06200047: 4.09302325581395
B06200059: 0
B06200064: 0
B06200068: 4.3953488372093
B06200072: 5
B06200078: 0
B07202109: 4.02325581395349
B07202113: 4.58139534883721
B07202116: 0
