---
U0016014: 3.83333333333333
U0031022: 4.83333333333333
U0043029: 4
U0111135: 4
U0115001: 0
U0222112: 3.5
U0222303: 3.5
U0311011: 4
U9810037: 0
