---
U0115001: 0
U9810037: 0

U0016014: 4.66666666666667
U0031022: 4.66666666666667
U0043029: 5
U0111135: 5
U0222112: 5
U0222303: 4
U0311011: 4
