---
100100100: 4.22222222222222
129129129: 4.27777777777778
N01200048: 2.11111111111111
N02202201: 3.94444444444445
N03080070: 0
N03200001: 0
N03200004: 0
N03200006: 0
N03200008: 4.72222222222222
N03200010: 2.72222222222222
N03200012: 4.44444444444444
N03200014: 0
N03200018: 2.11111111111111
N03200022: 0
N03200025: 4.27777777777778
N03200027: 1.94444444444445
N03200030: 4.72222222222222
N03200034: 0
N03200036: 0
N03203103: 2.94444444444445
N03203105: 3.77777777777778
N04202101: 3.94444444444445
N04202105: 4.11111111111111
N04202109: 0
