---
N02200001: 3.11111111111111
N02200003: 3.22222222222222
N02200006: 0
N02200009: 4.33333333333333
N02200011: 4.22222222222222
N02200013: 0
N02200016: 0
N02200020: 3.16666666666667
N02200024: 0
N02200026: 0
N02200028: 2.27777777777778
N02200030: 0
N02200032: 3.83333333333333
N02200040: 3.77777777777778
N02200043: 3.61111111111111
N02200045: 2.33333333333333
N02200047: 0
N02200049: 2
N02200051: 0
N02200057: 2.22222222222222
N02202102: 2.61111111111111
N03202103: 4.16666666666667
N03202105: 4.61111111111111
N99200030: 2.77777777777778
