---
N02200030: 0
N02200006: 0
N02200026: 0
N02200016: 0
N02200026: 0
N02200013: 0
N02200051: 0
N02200047: 0
N02200024: 0

N02200001: 3.22222222222222
N02200003: 3.44444444444444
N02200009: 3.66666666666667
N02200011: 3.44444444444444
N02200020: 3.33333333333333
N02200028: 2.55555555555556
N02200032: 3.66666666666667
N02200040: 2.55555555555556
N02200043: 4.22222222222222
N02200045: 3.66666666666667
N02200049: 3
N02200057: 3.44444444444444
N02202102: 4.22222222222222
N03202103: 3.33333333333333
N03202105: 4.22222222222222
N99200030: 2.55555555555556
