---
V0141001: 2.75
V0141062: 2.75
V0141063: 3.5
V0241001: 3.16666666666667
V0241004: 2.75
V0241012: 0
V0241014: 3.16666666666667
V0241020: 2.25
V0241022: 2.66666666666667
V0241024: 2.75
V0241026: 2.41666666666667
V0241029: 3
V0241030: 2.75
V0241031: 2.83333333333333
V0241032: 2
V0241034: 3
V0241037: 2.83333333333333
V0241038: 2.25
V0241039: 2.41666666666667
V0241041: 3.08333333333333
V0241042: 2
V0241044: 3.25
V0241045: 2
V0241046: 2.58333333333333
V0241063: 0
V0241064: 3.08333333333333
V0241065: 3.25
V0241066: 2.33333333333333
V0241067: 2.41666666666667
