---
V0241012: 0
V0241063: 0

V0141001: 3.5
V0141062: 3.5
V0141063: 4
V0241001: 4.33333333333333
V0241004: 3.5
V0241014: 4.33333333333333
V0241020: 3.5
V0241022: 4.33333333333333
V0241024: 4.5
V0241026: 2.83333333333333
V0241029: 4
V0241030: 3.5
V0241031: 3.66666666666667
V0241032: 4
V0241034: 4
V0241037: 3.66666666666667
V0241038: 3.5
V0241039: 2.83333333333333
V0241041: 4.16666666666667
V0241042: 4
V0241044: 4.5
V0241045: 4
V0241046: 4.16666666666667
V0241064: 4.16666666666667
V0241065: 4.5
V0241066: 3.66666666666667
V0241067: 2.83333333333333
