---
U0031101: 4
U0031102: 4
U0031103: 3.83333333333333
U0031104: 5
U0031105: 4
U0031106: 4.5
U0031107: 4.33333333333333
U0031108: 4.33333333333333
U0031109: 3.83333333333333
U0031110: 4.33333333333333
U0031111: 3.33333333333333
U0031112: 5
U0031113: 5
U0031114: 4.83333333333333
U0031115: 4
U0031117: 3.83333333333333
U0031118: 3.33333333333333
U0031119: 4.83333333333333
U0031120: 4
U0031122: 4.5
U0031123: 4
U0031124: 3.83333333333333
U0031126: 3.16666666666667
U0031127: 4
U0031128: 3.83333333333333
U0031129: 2.83333333333333
U0031130: 5
U0031131: 2.83333333333333
U0031132: 4.16666666666667
U0031133: 5
U0031135: 4
U0031136: 3.66666666666667
U0031138: 3.83333333333333
U0031139: 4
U0031140: 3
U0031141: 0
U0031142: 4.5
U0031143: 4.83333333333333
U0031144: 4.16666666666667
U0031145: 4
U0031146: 3.33333333333333
U0031147: 3.33333333333333
U0031150: 3.5
U0031205: 2.66666666666667
U9743025: 3.66666666666667
U9931152: 4.33333333333333
