---
U0031141: 0

U0031101: 5
U0031102: 5
U0031103: 4.66666666666667
U0031104: 5
U0031105: 4
U0031106: 5
U0031107: 4.66666666666667
U0031108: 4.66666666666667
U0031109: 3.66666666666667
U0031110: 4.66666666666667
U0031111: 3.66666666666667
U0031112: 5
U0031113: 5
U0031114: 4.66666666666667
U0031115: 5
U0031117: 3.66666666666667
U0031118: 3.66666666666667
U0031119: 4.66666666666667
U0031120: 5
U0031122: 5
U0031123: 5
U0031124: 3.66666666666667
U0031126: 4.33333333333333
U0031127: 4
U0031128: 3.66666666666667
U0031129: 3.66666666666667
U0031130: 5
U0031131: 3.66666666666667
U0031132: 4.33333333333333
U0031133: 5
U0031135: 4
U0031136: 4.33333333333333
U0031138: 3.66666666666667
U0031139: 4
U0031140: 5
U0031142: 5
U0031143: 4.66666666666667
U0031144: 4.33333333333333
U0031145: 5
U0031146: 3.66666666666667
U0031147: 3.66666666666667
U0031150: 4
U0031205: 3.33333333333333
U9743025: 3.33333333333333
U9931152: 3.66666666666667
