---
U0031101: 2.77777777777778
U0031102: 2.77777777777778
U0031103: 3.88888888888889
U0031104: 4.11111111111111
U0031105: 3
U0031106: 3.22222222222222
U0031107: 3.22222222222222
U0031109: 3.44444444444444
U0031110: 2.33333333333333
U0031111: 3
U0031112: 4.33333333333333
U0031114: 4.11111111111111
U0031115: 4.55555555555556
U0031116: 3
U0031117: 3
U0031118: 3.44444444444444
U0031119: 4.55555555555556
U0031120: 3.44444444444444
U0031122: 2.77777777777778
U0031123: 4.11111111111111
U0031124: 3.44444444444444
U0031126: 3.44444444444444
U0031127: 2.77777777777778
U0031128: 4.55555555555556
U0031129: 3.88888888888889
U0031130: 3.44444444444444
U0031131: 4.55555555555556
U0031132: 2.77777777777778
U0031133: 3.88888888888889
U0031135: 4.33333333333333
U0031136: 3.22222222222222
U0031138: 3.22222222222222
U0031139: 3.22222222222222
U0031140: 4.55555555555556
U0031141: 3.22222222222222
U0031142: 3.22222222222222
U0031143: 3
U0031144: 4.55555555555556
U0031145: 2.33333333333333
U0031146: 3.44444444444444
U0031147: 4.33333333333333
U0031150: 3.44444444444444
U0031205: 2.77777777777778
U9931001: 3.22222222222222
U9931248: 3.44444444444444
