---
N9661749: 1.55555555555555
V0041001: 0
V0041002: 1.83333333333334
V0041007: 4
V0041008: 2
V0041009: 1.83333333333334
V0041010: 2.22222222222222
V0041019: 4.33333333333333
V0041030: 1.88888888888889
V0041032: 1.83333333333334
V0041033: 1.55555555555555
V0041035: 2.33333333333333
V0041038: 2
V0041039: 4.33333333333333
V0041040: 2
V0041042: 2
V0041044: 0
V0041045: 2.22222222222222
V0041049: 1.5
V0041050: 2
V0041053: 3.66666666666667
V0041057: 2
V0041067: 4.33333333333333
V0241030: 1.05555555555555
V9741022: 2.33333333333333
V9841025: 4
V9841028: 1.77777777777778
V9841042: 2
V9941001: 1.77777777777778
V9941007: 1.55555555555555
V9941011: 3.66666666666667
V9941012: 1.88888888888889
V9941013: 0
V9941022: 1.88888888888889
V9941023: 2
V9941025: 1.55555555555555
V9941026: 2.72222222222222
V9941027: 2
V9941029: 1.83333333333334
V9941031: 2
V9941036: 3.66666666666667
V9941037: 2
V9941040: 2
V9941046: 1.5
V9941047: 1.55555555555555
V9941049: 1.83333333333334
V9941050: 1.5
V9941057: 1.5
V9941059: 2
V9941067: 2.5
V9941068: 4
V9941069: 1.27777777777778
V9941073: 2.33333333333333
V9941075: 2.33333333333333
