---
N9661749: 3.05555555555555
V0041001: 0
V0041002: 3.33333333333333
V0041007: 4
V0041008: 3.5
V0041009: 2.83333333333333
V0041010: 3.72222222222222
V0041019: 4.33333333333333
V0041030: 3.38888888888889
V0041032: 3.33333333333333
V0041033: 3.05555555555555
V0041035: 3.83333333333333
V0041038: 3.5
V0041039: 4.33333333333333
V0041040: 3.5
V0041042: 3.5
V0041044: 0
V0041045: 3.72222222222222
V0041049: 3
V0041050: 3.5
V0041053: 3.66666666666667
V0041057: 3.5
V0041067: 4.33333333333333
V0241030: 2.05555555555555
V9741022: 2.33333333333333
V9841025: 4
V9841028: 1.77777777777778
V9841042: 3.5
V9941001: 3.27777777777778
V9941007: 3.05555555555555
V9941011: 3.66666666666667
V9941012: 3.38888888888889
V9941013: 0
V9941022: 3.38888888888889
V9941023: 3.5
V9941025: 3.05555555555555
V9941026: 4.22222222222222
V9941027: 3.5
V9941029: 3.33333333333333
V9941031: 3.5
V9941036: 3.66666666666667
V9941037: 3.5
V9941040: 3.5
V9941046: 2.5
V9941047: 3.05555555555555
V9941049: 3.33333333333333
V9941050: 3
V9941057: 2.5
V9941059: 3.5
V9941067: 4
V9941068: 4
V9941069: 2.27777777777778
V9941073: 3.83333333333333
V9941075: 3.83333333333333
