---
V0041044: 0
V0041001: 0
V9941013: 0

N9661749: 2.11111111111111
V0041002: 3.66666666666667
V0041007: 3
V0041008: 3
V0041009: 3.66666666666667
V0041010: 3.44444444444444
V0041019: 3.66666666666667
V0041030: 2.77777777777778
V0041032: 3.66666666666667
V0041033: 2.11111111111111
V0041035: 3.66666666666667
V0041038: 3
V0041039: 3.66666666666667
V0041040: 3
V0041042: 3
V0041045: 3.44444444444444
V0041049: 3
V0041050: 3
V0041053: 2.33333333333333
V0041057: 3
V0041067: 3.66666666666667
V0241030: 2.11111111111111
V9741022: 3.66666666666667
V9841025: 3
V9841028: 2.55555555555556
V9841042: 3
V9941001: 2.55555555555556
V9941007: 2.11111111111111
V9941011: 2.33333333333333
V9941012: 2.77777777777778
V9941022: 2.77777777777778
V9941023: 3
V9941025: 2.11111111111111
V9941026: 3.44444444444444
V9941027: 3
V9941029: 3.66666666666667
V9941031: 3
V9941036: 2.33333333333333
V9941037: 3
V9941040: 3
V9941046: 3
V9941047: 2.11111111111111
V9941049: 3.66666666666667
V9941050: 3
V9941057: 3
V9941059: 3
V9941067: 3
V9941068: 3
V9941069: 2.55555555555556
V9941073: 3.66666666666667
V9941075: 3.66666666666667
