---
U0516005: 4.58333333333333
U0516008: 4.25
U0516029: 3.66666666666667
U0516044: 4.08333333333333
U0516048: 4.66666666666667
U0517025: 4.16666666666667
U0517046: 3.66666666666667
U0531113: 3.08333333333333
U0531144: 4.66666666666667
U0531211: 2.58333333333333
U0533003: 4.58333333333333
U0533016: 4.08333333333333
U0534033: 4.58333333333333
U0534047: 3.08333333333333
U0534048: 4.08333333333333
U0542014: 4.25
U0557029: 4.25
U0557037: 4.16666666666667
