---
U0516005: 4.16666666666667
U0516008: 4.5
U0516029: 3.33333333333333
U0516044: 4.16666666666667
U0516048: 4.33333333333333
U0517025: 4.33333333333333
U0517046: 3.33333333333333
U0531113: 1.16666666666667
U0531144: 4.33333333333333
U0531211: 1.16666666666667
U0533003: 4.16666666666667
U0533016: 4.16666666666667
U0534033: 4.16666666666667
U0534047: 1.16666666666667
U0534048: 4.16666666666667
U0542014: 4.5
U0557029: 4.5
U0557037: 3.33333333333333
