---
B00170085: 3.5
B00200016: 3.16666666666667
B01200001: 3.66666666666667
B01200002: 3.58333333333333
B01200003: 2.58333333333333
B01200006: 3.66666666666667
B01200008: 3.83333333333333
B01200012: 4
B01200014: 3.5
B01200016: 3.83333333333333
B01200018: 3.25
B01200020: 3.83333333333333
B01200022: 3.91666666666667
B01200024: 4.5
B01200026: 3.83333333333333
B01200028: 3.66666666666667
B01200030: 4.33333333333333
B01200032: 4
B01200034: 3.91666666666667
B01200036: 3.83333333333333
B01200038: 3.75
B01200040: 3.66666666666667
B01200042: 3.83333333333333
B01200045: 4.16666666666667
B01200047: 3.91666666666667
B01200049: 4.16666666666667
B01200051: 3.5
B01200053: 3.16666666666667
B01200055: 3.5
B01200057: 3.83333333333333
B01200059: 4.33333333333333
B01200061: 4.33333333333333
B01200063: 4.5
B01200065: 4
B01200067: 4.25
B01200069: 3.5
B01200071: 3.75
B01200073: 3.83333333333333
B01200075: 4.5
B01200077: 3.58333333333333
B01200081: 3.66666666666667
B01200083: 3.5
B01200085: 2.83333333333333
B01200089: 4.16666666666667
B01200093: 3.5
B01200095: 4.16666666666667
B01200097: 4.25
B01200101: 2.75
B01200103: 4.33333333333333
B01200107: 3.5
B01200113: 3.5
B01200115: 3.5
B02202101: 3.5
B02202104: 4.33333333333333
B02202106: 3.25
B98200021: 3.83333333333333
B99100040: 3.75
B99110055: 4.25
B99200063: 4
