---
K220155482: 3.23333333333334
U0017024: 3.36666666666666
U0018027: 5
U0018046: 5
U0042012: 1.9
U0042031: 2.23333333333334
U0042041: 1.36666666666666
U0042050: 3.16666666666667
U0043001: 3.1
U0043004: 3.9
U0043033: 5
U0122002: 4.16666666666667
U0222133: 3.16666666666667
U0222228: 3.36666666666666
U9911237: 3.1
U9911242: 4.73333333333334
U9917017: 2.16666666666667
U9923120: 4.16666666666667
U9923121: 3.66666666666667
U9943007: 3.9
U9943019: 2.1
