---
K220155482: 2.78666666666667
U0017024: 3.09333333333334
U0018027: 4.5
U0018046: 4.5
U0042012: 1.52
U0042031: 1.78666666666667
U0042041: 1.09333333333334
U0042050: 2.73333333333334
U0043001: 2.88
U0043004: 3.52
U0043033: 4.5
U0122002: 3.73333333333334
U0222133: 2.73333333333334
U0222228: 3.09333333333334
U9911237: 2.88
U9911242: 4.28666666666667
U9917017: 1.73333333333333
U9923120: 3.73333333333334
U9923121: 3.23333333333334
U9943007: 3.52
U9943019: 1.88
