---
T9831019: 2.25
U0022016: 2.75
U0031001: 3
U0031002: 4.25
U0031003: 4.25
U0031004: 2.83333333333333
U0031005: 2.66666666666667
U0031006: 2.66666666666667
U0031007: 4.25
U0031008: 2.16666666666667
U0031009: 2.16666666666667
U0031010: 2.83333333333333
U0031011: 3.16666666666667
U0031012: 2.66666666666667
U0031013: 2.66666666666667
U0031014: 3.08333333333333
U0031016: 2.66666666666667
U0031017: 3.33333333333333
U0031018: 4.16666666666667
U0031020: 3.5
U0031022: 4.16666666666667
U0031024: 4
U0031025: 2.66666666666667
U0031026: 2.33333333333333
U0031027: 3.58333333333333
U0031028: 3.16666666666667
U0031029: 2.75
U0031031: 2.33333333333333
U0031033: 3.08333333333333
U0031034: 3.25
U0031035: 2.25
U0031036: 3
U0031037: 2.5
U0031038: 3.16666666666667
U0031039: 2.75
U0031040: 2.66666666666667
U0031041: 2.5
U0031042: 0
U0031043: 3.5
U0031044: 3
U0031045: 3.75
U0031047: 3.25
U0031048: 2.75
U0031049: 3.33333333333333
U9831152: 2.25
U9833051: 2.25
