---
U0031042: 0

T9831019: 3.5
U0022016: 3.5
U0031001: 4
U0031002: 3.5
U0031003: 3.5
U0031004: 3.66666666666667
U0031005: 3.33333333333333
U0031006: 3.33333333333333
U0031007: 3.5
U0031008: 3.33333333333333
U0031009: 3.33333333333333
U0031010: 3.66666666666667
U0031011: 3.33333333333333
U0031012: 3.33333333333333
U0031013: 3.33333333333333
U0031014: 4.16666666666667
U0031016: 3.33333333333333
U0031017: 3.66666666666667
U0031018: 3.33333333333333
U0031020: 4
U0031022: 3.33333333333333
U0031024: 4
U0031025: 3.33333333333333
U0031026: 3.66666666666667
U0031027: 4.16666666666667
U0031028: 3.33333333333333
U0031029: 3.5
U0031031: 3.66666666666667
U0031033: 4.16666666666667
U0031034: 3.5
U0031035: 3.5
U0031036: 4
U0031037: 3
U0031038: 3.33333333333333
U0031039: 3.5
U0031040: 3.33333333333333
U0031041: 3
U0031043: 3
U0031044: 4
U0031045: 3.5
U0031047: 3.5
U0031048: 3.5
U0031049: 3.66666666666667
U9831152: 3.5
U9833051: 3.5
