---
B00230075: 4.5
B01130006: 4.33333333333333
B02200046: 4.5
B02200064: 4.5
B02200094: 3.5
B02200096: 4.5
B03192105: 4
B03200005: 3.5
B03200007: 4
B03200011: 4
B03200015: 3.5
B03200019: 4.5
B03200023: 4.5
B03200027: 4.5
B03200031: 3
B03200037: 4.33333333333333
B03200039: 3.83333333333333
B03200043: 4
B03200052: 4
B03200056: 5
B03200064: 4
B03200068: 4.5
B03200072: 0
B03200078: 4.5
B03200084: 4
B03200092: 3.5
B03200100: 5
B03200102: 5
B03200106: 3.5
B03200110: 4.5
