---
B01140007: 4.16666666666667
B01140060: 4.16666666666667
B01140112: 4.08333333333333
B02200005: 2.75
B02200013: 4
B02200017: 3.5
B02200023: 4.58333333333333
B02200027: 2.08333333333333
B02200031: 4
B02200035: 4.58333333333333
B02200039: 1.75
B02200046: 0
B02200050: 0
B02200058: 3.25
B02200062: 2.75
B02200066: 4.08333333333333
B02200068: 3.25
B02200072: 4.08333333333333
B02200076: 3.5
B02200082: 3.83333333333333
B02200086: 0
B02200090: 3.5
B02200094: 0
B02200098: 3.5
B02200102: 3.25
B02200106: 0
B03202203: 4.16666666666667
