---
B04200066: 3.4441
B05200009: 4.07366666666667
B05200013: 0
B05200018: 1.8887
B05200022: 2.9997
B05200026: 2.40716666666667
B05200032: 3.333
B05200036: 3.6663
B05200043: 2.6664
B05200048: 3.5552
B05200054: 3.2219
B05200058: 4.3329
B05200066: 4.25883333333333
B05200070: 2.6664
B05200074: 4.14773333333333
B05200078: 3.37003333333333
B05200082: 4.08848
B05200086: 2.9997
B05200092: 3.333
B05210064: 2.9997
B06202101: 2.4442
B06202102: 2.6664
B06202104: 2.74046666666667
B06202106: 1.74056666666667
