---
B01140007: 3.16666666666667
B01140060: 3.16666666666667
B01140112: 3.08333333333333
B02200005: 1.75
B02200013: 3
B02200017: 2.5
B02200023: 4.58333333333333
B02200027: 2.08333333333333
B02200031: 4
B02200035: 3.58333333333333
B02200039: 1.75
B02200046: 0
B02200050: 0
B02200058: 2.25
B02200062: 1.75
B02200066: 3.08333333333333
B02200068: 2.25
B02200072: 3.08333333333333
B02200076: 2.5
B02200082: 3.83333333333333
B02200086: 0
B02200090: 2.5
B02200094: 0
B02200098: 2.5
B02200102: 2.25
B02200106: 0
B03202203: 3.16666666666667
