---
B02200094: 0
B02200086: 0
B02200050: 0
B02200106: 0
B02200046: 0

B01140007: 4.33333333333333
B01140060: 4.33333333333333
B01140112: 4.16666666666667
B02200005: 2.5
B02200013: 3
B02200017: 3
B02200023: 4.16666666666667
B02200027: 4.16666666666667
B02200031: 3
B02200035: 4.16666666666667
B02200039: 2.5
B02200058: 2.5
B02200062: 2.5
B02200066: 4.16666666666667
B02200068: 2.5
B02200072: 4.16666666666667
B02200076: 3
B02200082: 2.66666666666667
B02200090: 3
B02200098: 3
B02200102: 2.5
B03202203: 4.33333333333333
