---
B03200072: 0

B00230075: 5
B01130006: 3.66666666666667
B02200046: 5
B02200064: 5
B02200094: 3
B02200096: 5
B03192105: 5
B03200005: 3
B03200007: 3
B03200011: 3
B03200015: 3
B03200019: 5
B03200023: 5
B03200027: 5
B03200031: 3
B03200037: 3.66666666666667
B03200039: 3.66666666666667
B03200043: 3
B03200052: 3
B03200056: 5
B03200064: 3
B03200068: 5
B03200078: 5
B03200084: 5
B03200092: 3
B03200100: 5
B03200102: 5
B03200106: 3
B03200110: 5
