---
U9931001: 3.33333333333333
U9931002: 2.66666666666667
U9931003: 3.16666666666667
U9931004: 2.66666666666667
U9931006: 3.83333333333333
U9931007: 3.16666666666667
U9931012: 3.66666666666667
U9931013: 3.83333333333333
U9931014: 3.66666666666667
U9931015: 3
U9931017: 3.33333333333333
U9931022: 3.16666666666667
U9931025: 3.16666666666667
U9931026: 3.16666666666667
U9931028: 2.66666666666667
U9931029: 3.83333333333333
U9931032: 3
U9931034: 3.16666666666667
U9931037: 3.16666666666667
U9931039: 3.66666666666667
U9931041: 3.33333333333333
U9931042: 3
U9931043: 3.33333333333333
U9931044: 3.16666666666667
U9931102: 3.33333333333333
U9931103: 3.16666666666667
U9931105: 3.16666666666667
U9931109: 3.33333333333333
U9931110: 3.33333333333333
U9931111: 2.66666666666667
U9931125: 2.66666666666667
U9931127: 2.66666666666667
U9931129: 3.83333333333333
U9931130: 3.16666666666667
U9931133: 3.16666666666667
U9931134: 2.66666666666667
U9931138: 3.16666666666667
U9931139: 3.16666666666667
U9931140: 3.16666666666667
U9931142: 2.66666666666667
U9931143: 3.33333333333333
U9931145: 3.16666666666667
U9931146: 3
U9931149: 3.66666666666667
