---
N02200001: 2.41666666666667
N02200003: 4.41666666666667
N02200009: 3.91666666666667
N02200011: 3.58333333333333
N02200016: 2.08333333333333
N02200020: 3.58333333333333
N02200024: 3.25
N02200026: 3.91666666666667
N02200028: 3.25
N02200032: 3.25
N02200040: 3.58333333333333
N02200043: 3.75
N02200045: 4.41666666666667
N02200049: 2.58333333333333
N02200057: 2.41666666666667
N02202102: 3.58333333333333
N03202105: 3.75
N99200030: 2.75
