---
100100100: 3.16666666666667
N01200014: 3.33333333333333
N02202107: 1.83333333333334
N02202111: 3.5
N02203102: 3.33333333333333
N03200001: 5
N03200004: 3.5
N03200006: 0.5
N03200008: 4.66666666666667
N03200010: 0
N03200014: 0
N03200022: 3.5
N03200025: 3.5
N03200027: 3
N03200030: 2.5
N03200036: 1.33333333333334
N03203103: 2.5
N03203104: 2.83333333333333
N04202101: 3
N04202109: 0
