---
N01200047: 0
N03200006: 3
N03200010: 3.5
N03200011: 3
N03200016: 2
N03200018: 3.5
N03200034: 3.5
N03200036: 3.5
N03203105: 0
N03203201: 3.66666666666667
N04200001: 3
N04200003: 3
N04200005: 3
N04200010: 4
N04200014: 4
N04200022: 4
N04200025: 4
N04200029: 4.5
N04200032: 4
N04200041: 3.5
N04200043: 3
N04200045: 3.16666666666667
N04200049: 5
N04200051: 3.5
N04200055: 3.5
N04200057: 3.66666666666667
N04200060: 3.5
N05202101: 3.5
N05202103: 3.5
N05262101: 3.5
