---
100100100: 4.18518518518519
129129129: 0
N01200048: 2.68518518518519
N02202201: 3.68518518518519
N03080070: 4.12962962962963
N03200001: 2.33333333333333
N03200004: 4.14814814814815
N03200006: 2.68518518518519
N03200008: 2.68518518518519
N03200010: 4.18518518518519
N03200012: 2.12962962962963
N03200014: 1.79629629629629
N03200018: 2.18518518518519
N03200022: 3.22222222222222
N03200025: 2.64814814814815
N03200027: 3
N03200030: 3.64814814814815
N03200034: 3.68518518518519
N03200036: 2.83333333333333
N03203103: 4.62962962962963
N03203105: 3.5
N04202101: 1.79629629629629
N04202105: 3.5
N04202109: 2.72222222222222
