---
N02200001: 3.83333333333333
N02200003: 3.83333333333333
N02200009: 3.83333333333333
N02200011: 2.16666666666667
N02200016: 3.16666666666667
N02200020: 3.16666666666667
N02200024: 2.5
N02200026: 3.83333333333333
N02200028: 2.5
N02200032: 2.5
N02200040: 2.16666666666667
N02200043: 2.5
N02200045: 3.83333333333333
N02200049: 2.16666666666667
N02200057: 3.83333333333333
N02202102: 3.16666666666667
N03202105: 2.5
N99200030: 2.5
