---
N01200047: 0
N03203105: 0

N03200006: 2
N03200010: 2
N03200011: 5
N03200016: 3
N03200018: 3
N03200034: 3
N03200036: 3
N03203201: 2.33333333333333
N04200001: 2
N04200003: 2
N04200005: 2
N04200010: 3
N04200014: 3
N04200022: 3
N04200025: 3
N04200029: 5
N04200032: 3
N04200041: 2
N04200043: 2
N04200045: 2.33333333333333
N04200049: 5
N04200051: 3
N04200055: 2
N04200057: 2.33333333333333
N04200060: 3
N05202101: 2
N05202103: 2
N05262101: 2
