---
N04202109: 0
N03200006: 0
N03200014: 0
N03200010: 0

100100100: 4.33333333333333
N01200014: 4.66666666666667
N02202107: 2.66666666666667
N02202111: 5
N02203102: 4.66666666666667
N03200001: 5
N03200004: 5
N03200008: 4.33333333333333
N03200022: 5
N03200025: 5
N03200027: 5
N03200030: 3
N03200036: 2.66666666666667
N03203103: 3
N03203104: 4.66666666666667
N04202101: 3
