---
129129129: 0

100100100: 3.37037037037037
N01200048: 3.37037037037037
N02202201: 3.37037037037037
N03080070: 4.25925925925926
N03200001: 3.66666666666667
N03200004: 3.2962962962963
N03200006: 3.37037037037037
N03200008: 3.37037037037037
N03200010: 3.37037037037037
N03200012: 4.25925925925926
N03200014: 3.59259259259259
N03200018: 3.37037037037037
N03200022: 3.44444444444444
N03200025: 3.2962962962963
N03200027: 3
N03200030: 3.2962962962963
N03200034: 3.37037037037037
N03200036: 3.66666666666667
N03203103: 4.25925925925926
N03203105: 3
N04202101: 3.59259259259259
N04202105: 3
N04202109: 3.44444444444444
