---
V0041039: 5
V0041053: 4.81481481481481
V0141013: 4.81481481481481
V9741064: 4.07407407407407
V9741065: 5
V9841002: 4.62962962962963
V9841006: 4.25925925925926
V9841010: 5
V9841011: 4.62962962962963
V9841013: 4.62962962962963
V9841020: 5
V9841022: 4.62962962962963
V9841027: 4.25925925925926
V9841028: 4.44444444444444
V9841030: 4.25925925925926
V9841031: 4.81481481481481
V9841040: 4.81481481481481
V9841048: 5
V9841049: 4.44444444444444
V9841050: 4.44444444444444
V9841051: 4.62962962962963
V9841053: 5
V9841054: 4.62962962962963
V9841058: 4.44444444444444
