---
N9561732: 3.7037037037037
N9661712: 3.88888888888889
N9661752: 3.51851851851852
V9724004: 2.77777777777778
V9741010: 3.14814814814815
V9741016: 3.33333333333333
V9741023: 3.7037037037037
V9741025: 1.48148148148148
V9741028: 5
V9741029: 2.40740740740741
V9741030: 4.07407407407407
V9741032: 1.2962962962963
V9741034: 3.88888888888889
V9741036: 4.07407407407407
V9741041: 4.25925925925926
V9741043: 2.96296296296296
V9741047: 1.2962962962963
V9741053: 2.40740740740741
V9741057: 2.40740740740741
V9741059: 3.51851851851852
V9741060: 1.85185185185185
V9741066: 3.14814814814815
