---
U0510005: 4.3
U0510012: 4.66666666666667
U0516005: 2.8
U0516008: 4.3
U0516029: 3.9
U0516044: 0
U0516048: 4.06666666666666
U0517025: 3.1
U0517046: 0
U0521133: 4.3
U0521143: 3.1
U0531113: 0
U0531144: 4.3
U0531211: 4.16666666666667
U0533003: 4.06666666666666
U0533016: 4.3
U0534033: 3.56666666666667
U0534047: 4.4
U0534048: 0
U0542014: 0
U0543040: 4.66666666666667
U0543045: 3.1
U0557029: 4.4
U0557037: 4.3
