---
U0510005: 4.19958
U0510012: 3.1108
U0516005: 1.93398379746835
U0516008: 3.8958129113924
U0516029: 4.26624
U0516044: 0
U0516048: 4.20275428571429
U0517025: 2.06646
U0517046: 0
U0521133: 4.26640706766917
U0521143: 3.47901714285714
U0531113: 0
U0531144: 4.3507762406015
U0531211: 2.7775
U0533003: 2.71084
U0533016: 2.86638
U0534033: 2.37754
U0534047: 4.3205369924812
U0534048: 0
U0542014: 0
U0543040: 4.2921164556962
U0543045: 3.4422622556391
U0557029: 4.30132421052632
U0557037: 3.08576734177215
