---
U0531113: 0
U0542014: 0
U0534048: 0
U0516044: 0
U0517046: 0

U0510005: 4.6
U0510012: 4.33333333333333
U0516005: 4.6
U0516008: 4.6
U0516029: 3.8
U0516048: 3.13333333333333
U0517025: 2.2
U0521133: 4.6
U0521143: 2.2
U0531144: 4.6
U0531211: 4.33333333333333
U0533003: 3.13333333333333
U0533016: 4.6
U0534033: 3.13333333333333
U0534047: 3.8
U0543040: 4.33333333333333
U0543045: 2.2
U0557029: 3.8
U0557037: 4.6
