---
exercise: food_comp
grade:
  U0510005: 4
  U0510012: 0
  U0516005: 0.20253164556962
  U0516008: 3.08860759493671
  U0516029: 5
  U0516044: 0
  U0516048: 4.47619047619048
  U0517025: 0
  U0517046: 0
  U0521133: 4.20050125313283
  U0521143: 4.23809523809524
  U0531113: 0
  U0531144: 4.45363408521303
  U0531211: 0
  U0533003: 0
  U0533016: 0
  U0534033: 0
  U0534047: 4.16290726817043
  U0534048: 0
  U0542014: 0
  U0543040: 3.54430379746835
  U0543045: 4.12781954887218
  U0557029: 4.10526315789474
  U0557037: 0.658227848101266
points:
  U0510005:
    answer: 2
    question: 18
    try: 43
  U0510012:
    answer: 0
    question: 0
    try: 0
  U0516005:
    answer: 1
    question: 1
    try: 2
  U0516008:
    answer: 20
    question: 20
    try: 21
  U0516029:
    answer: 152
    question: 152
    try: 174
  U0516044:
    answer: 0
    question: 0
    try: 0
  U0516048:
    answer: 80
    question: 80
    try: 109
  U0517025:
    answer: 0
    question: 0
    try: 0
  U0517046:
    answer: 0
    question: 0
    try: 0
  U0521133:
    answer: 50
    question: 50
    try: 59
  U0521143:
    answer: 50
    question: 50
    try: 74
  U0531113:
    answer: 0
    question: 0
    try: 0
  U0531144:
    answer: 75
    question: 75
    try: 110
  U0531211:
    answer: 0
    question: 0
    try: 0
  U0533003:
    answer: 0
    question: 0
    try: 0
  U0533016:
    answer: 0
    question: 0
    try: 0
  U0534033:
    answer: 0
    question: 0
    try: 0
  U0534047:
    answer: 10
    question: 42
    try: 60
  U0534048:
    answer: 0
    question: 0
    try: 0
  U0542014:
    answer: 0
    question: 0
    try: 0
  U0543040:
    answer: 13
    question: 13
    try: 44
  U0543045:
    answer: 31
    question: 31
    try: 68
  U0557029:
    answer: 30
    question: 30
    try: 61
  U0557037:
    answer: 3
    question: 3
    try: 7
report: |+
  correct: 0
  try: 1
  grammatical: 2
  Player     Question Grammatical Answers   Total     Grade
  U0510005      43       18         2        79        4.0
  U0510012       0        0         0         0        0.0
  U0516005       2        1         1         4        0.2
  U0516008      21       20        20        61        3.1
  U0516029     174      152       152       478        5.0
  U0516044       0        0         0         0        0.0
  U0516048     109       80        80       269        4.5
  U0517025       0        0         0         0        0.0
  U0517046       0        0         0         0        0.0
  U0521133      59       50        50       159        4.2
  U0521143      74       50        50       174        4.2
  U0531113       0        0         0         0        0.0
  U0531144     110       75        75       260        4.5
  U0531211       0        0         0         0        0.0
  U0533003       0        0         0         0        0.0
  U0533016       0        0         0         0        0.0
  U0534033       0        0         0         0        0.0
  U0534047      60       42        10       144        4.2
  U0534048       0        0         0         0        0.0
  U0542014       0        0         0         0        0.0
  U0543040      44       13        13        70        3.5
  U0543045      68       31        31       130        4.1
  U0557029      61       30        30       121        4.1
  U0557037       7        3         3        13        0.7
  Class Totals
             Question Grammatical Answers   Total     Grade
               832        565       517      1962      3.6
---
U0510005: 4
U0510012: 0
U0516005: 0.20253164556962
U0516008: 3.08860759493671
U0516029: 5
U0516044: 0
U0516048: 4.47619047619048
U0517025: 0
U0517046: 0
U0521133: 4.20050125313283
U0521143: 4.23809523809524
U0531113: 0
U0531144: 4.45363408521303
U0531211: 0
U0533003: 0
U0533016: 0
U0534033: 0
U0534047: 4.16290726817043
U0534048: 0
U0542014: 0
U0543040: 3.54430379746835
U0543045: 4.12781954887218
U0557029: 4.10526315789474
U0557037: 0.658227848101266
