---
N00120056: 3.5
N00200001: 4.5
N00200003: 2.9
N00200006: 3.96666666666667
N00200007: 3.4
N00200008: 3.96666666666667
N00200009: 3.93333333333333
N00200010: 4.1
N00200014: 3.46666666666667
N00200015: 5
N00200017: 4.1
N00200022: 5
N00200025: 4.1
N00200029: 4.5
N00200030: 4.5
N00200031: 4.43333333333334
N00200032: 4.5
N00200034: 4.4
N00200036: 4.5
N00200037: 3.1
N00200042: 4.5
N00200043: 4.46666666666667
N00200044: 3.4
N00200045: 4.5
N00200048: 3.1
N00200054: 4.5
N00200055: 4.5
N00200056: 3.9
N00200058: 0
N00202103: 3.93333333333333
N01202001: 2.6
N01202002: 3.4
N01202004: 4
N01202101: 0
N01202103: 4.5
N01202105: 3.96666666666667
N02203102: 4.5
N98200021: 4.5
N99030025: 4.5
N99030033: 3.96666666666667
