---
V0016058: 2.33333333333333
V0041005: 3.94444444444445
V0041012: 3.22222222222222
V0041015: 2.88888888888889
V0041046: 2.88888888888889
V0041047: 2.88888888888889
V0041055: 3.72222222222222
V0041058: 3
V0041062: 3.38888888888889
V0041064: 3.88888888888889
V0041066: 4.33333333333333
V0141002: 3.5
V0141003: 3.44444444444445
V0141008: 3
V0141009: 3
V0141011: 3.38888888888889
V0141012: 3.16666666666667
V0141016: 2.66666666666667
V0141017: 2.88888888888889
V0141018: 4.22222222222222
V0141021: 3
V0141022: 3.94444444444445
V0141023: 3
V0141025: 3.88888888888889
V0141026: 3.72222222222222
V0141028: 2.77777777777778
V0141029: 3.77777777777778
V0141035: 3.5
V0141036: 3.88888888888889
V0141037: 4.5
V0141038: 3.44444444444445
V0141041: 3.94444444444445
V0141046: 3.94444444444445
V0141048: 2.88888888888889
V0141049: 3.5
V0141050: 3.22222222222222
V0141052: 3.5
V0141053: 3.5
V0141054: 2.88888888888889
V0141055: 2.77777777777778
V0141058: 4.5
V0141059: 3.16666666666667
V0141060: 3.5
V0141061: 3.22222222222222
V0141064: 3
V9741022: 5
V9941014: 3.5
V9941060: 3.88888888888889
V9941065: 3
V9941075: 3.83333333333333
V9941076: 3.5
