---
V0016058: 3.66666666666667
V0041005: 3.88888888888889
V0041012: 3.44444444444444
V0041015: 2.77777777777778
V0041046: 2.77777777777778
V0041047: 2.77777777777778
V0041055: 3.44444444444444
V0041058: 3
V0041062: 2.77777777777778
V0041064: 2.77777777777778
V0041066: 3.66666666666667
V0141002: 3
V0141003: 3.88888888888889
V0141008: 3
V0141009: 3
V0141011: 2.77777777777778
V0141012: 2.33333333333333
V0141016: 2.33333333333333
V0141017: 2.77777777777778
V0141018: 3.44444444444444
V0141021: 3
V0141022: 3.88888888888889
V0141023: 3
V0141025: 2.77777777777778
V0141026: 3.44444444444444
V0141028: 2.55555555555556
V0141029: 2.55555555555556
V0141035: 3
V0141036: 2.77777777777778
V0141037: 5
V0141038: 3.88888888888889
V0141041: 3.88888888888889
V0141046: 3.88888888888889
V0141048: 2.77777777777778
V0141049: 3
V0141050: 3.44444444444444
V0141052: 3
V0141053: 3
V0141054: 2.77777777777778
V0141055: 2.55555555555556
V0141058: 5
V0141059: 2.33333333333333
V0141060: 3
V0141061: 3.44444444444444
V0141064: 3
V9741022: 5
V9941014: 3
V9941060: 2.77777777777778
V9941065: 3
V9941075: 3.66666666666667
V9941076: 3
