---
B02100046: 0
B02200031: 4.25
N01200030: 4.25
N01200047: 0
N01200049: 1.91666666666666
N02202107: 5
N03203104: 0
N03203201: 5
N04200002: 3.41666666666667
N04200004: 4.75
N04200007: 3
N04200009: 4.25
N04200011: 4.5
N04200016: 4.5
N04200018: 5
N04200021: 4.25
N04200024: 5
N04200026: 4.58333333333333
N04200031: 4.75
N04200035: 4.16666666666667
N04200038: 3.41666666666667
N04200044: 4.75
N04200046: 0
N04200048: 0
N04200050: 4.58333333333333
N04200052: 4.08333333333333
N04200054: 4.5
N04200056: 5
N05202104: 4.75
