---
N03203104: 0
B02100046: 0
N04200046: 0
N01200047: 0
N04200048: 0

B02200031: 4.5
N01200030: 4.5
N01200049: 2.83333333333333
N02202107: 5
N03203201: 5
N04200002: 2.83333333333333
N04200004: 4.5
N04200007: 5
N04200009: 4.5
N04200011: 5
N04200016: 5
N04200018: 5
N04200021: 4.5
N04200024: 5
N04200026: 4.16666666666667
N04200031: 4.5
N04200035: 3.33333333333333
N04200038: 2.83333333333333
N04200044: 4.5
N04200050: 4.16666666666667
N04200052: 4.16666666666667
N04200054: 5
N04200056: 5
N05202104: 4.5
