---
U0133016: 94.3589743589744
U0333005: 55.2564102564103
U0333006: 96.4102564102564
U0333009: 84.7435897435897
U0333010: 68.7179487179487
U0333011: 77.4358974358974
U0333012: 42.4358974358974
U0333013: 86.025641025641
U0333014: 79.4871794871795
U0333016: 82.5641025641026
U0333017: 39.7435897435898
U0333018: 79.1025641025641
U0333019: 91.1538461538461
U0333020: 68.4615384615385
U0333021: 96.1538461538461
U0333022: 84.4871794871795
U0333023: 95.2564102564103
U0333024: 88.4615384615385
U0333025: 90.2564102564103
U0333026: 70.2564102564103
U0333027: 80.7692307692308
U0333028: 76.4102564102564
U0333029: 75.3846153846154
U0333030: 48.5897435897436
U0333031: 76.5384615384615
U0333032: 65.5128205128205
U0333033: 82.6923076923077
U0333034: 41.4102564102564
U0333035: 73.8461538461538
U0333036: 81.6666666666667
U0333038: 95.3846153846154
U0333039: 70.1282051282051
U0333041: 45.1282051282051
U0333042: 74.1025641025641
U0333044: 77.051282051282
U0333045: 62.4358974358974
U0333046: 82.3076923076923
U0333049: 80.6410256410256
U0333051: 85.6410256410256
U0333052: 66.7948717948718
U0333053: 73.7179487179487
