---
U0133016: 2.83076923076923
U0333005: 1.65769230769231
U0333006: 2.89230769230769
U0333009: 2.54230769230769
U0333010: 2.06153846153846
U0333011: 2.32307692307692
U0333012: 1.27307692307692
U0333013: 2.58076923076923
U0333014: 2.38461538461538
U0333016: 2.47692307692308
U0333017: 1.19230769230769
U0333018: 2.37307692307692
U0333019: 2.73461538461538
U0333020: 2.05384615384615
U0333021: 2.88461538461538
U0333022: 2.53461538461538
U0333023: 2.85769230769231
U0333024: 2.65384615384615
U0333025: 2.70769230769231
U0333026: 2.10769230769231
U0333027: 2.42307692307692
U0333028: 2.29230769230769
U0333029: 2.26153846153846
U0333030: 1.45769230769231
U0333031: 2.29615384615385
U0333032: 1.96538461538462
U0333033: 2.48076923076923
U0333034: 1.24230769230769
U0333035: 2.21538461538462
U0333036: 2.45
U0333038: 2.86153846153846
U0333039: 2.10384615384615
U0333041: 1.35384615384615
U0333042: 2.22307692307692
U0333044: 2.31153846153846
U0333045: 1.87307692307692
U0333046: 2.46923076923077
U0333049: 2.41923076923077
U0333051: 2.56923076923077
U0333052: 2.00384615384615
U0333053: 2.21153846153846
