---
U0143020: 3.41666666666667
V0041008: 3.75
V0041022: 0
V0241001: 3.91666666666667
V0241004: 3.83333333333333
V0241014: 3.41666666666667
V0241017: 3.33333333333333
V0241022: 4.66666666666667
V0241024: 3.91666666666667
V0241029: 3.83333333333333
V0241030: 4.58333333333333
V0241031: 4.41666666666667
V0241032: 3.75
V0241034: 4.08333333333333
V0241037: 4.16666666666667
V0241038: 4.66666666666667
V0241039: 4.41666666666667
V0241041: 3.91666666666667
V0241042: 3.91666666666667
V0241044: 3.91666666666667
V0241045: 4.08333333333333
V0241046: 3.91666666666667
V0241066: 4.41666666666667
V0241067: 3.41666666666667
