---
V0041022: 0

U0143020: 2.83333333333333
V0041008: 3.5
V0241001: 3.83333333333333
V0241004: 2.66666666666667
V0241014: 2.83333333333333
V0241017: 2.66666666666667
V0241022: 4.33333333333333
V0241024: 3.83333333333333
V0241029: 2.66666666666667
V0241030: 4.16666666666667
V0241031: 3.83333333333333
V0241032: 3.5
V0241034: 4.16666666666667
V0241037: 4.33333333333333
V0241038: 4.33333333333333
V0241039: 3.83333333333333
V0241041: 3.83333333333333
V0241042: 3.83333333333333
V0241044: 3.83333333333333
V0241045: 4.16666666666667
V0241046: 3.83333333333333
V0241066: 3.83333333333333
V0241067: 2.83333333333333
