---
T9833004: 3.5
T9833006: 4
T9833009: 4
T9833025: 3.66666666666667
T9833027: 3.66666666666667
T9833028: 4
T9833030: 3.66666666666667
T9833032: 3.66666666666667
T9833035: 4
T9833037: 2.66666666666667
T9833039: 3.66666666666667
T9833043: 3.5
T9833045: 4
T9833046: 3.66666666666667
T9833050: 4.16666666666667
U9733013: 2.66666666666667
U9831107: 4
U9833001: 2.66666666666667
U9833002: 4.33333333333333
U9833003: 3.66666666666667
U9833005: 3.66666666666667
U9833007: 3.66666666666667
U9833009: 4.33333333333333
U9833011: 3.66666666666667
U9833014: 4.16666666666667
U9833015: 4
U9833019: 4
U9833020: 3.66666666666667
U9833022: 4
U9833023: 4
U9833024: 3.66666666666667
U9833025: 3.83333333333333
U9833026: 3.66666666666667
U9833030: 3.66666666666667
U9833031: 4.16666666666667
U9833034: 3.66666666666667
U9833035: 3.66666666666667
U9833038: 4.33333333333333
U9833039: 3.5
U9833040: 4
U9833041: 3.83333333333333
U9833043: 3.83333333333333
U9833044: 3.66666666666667
U9833047: 4.33333333333333
U9833048: 3.66666666666667
U9833049: 4
U9833050: 4.16666666666667
U9833052: 3.5
