---
T9833004: 2.8
T9833006: 3.2
T9833009: 3.2
T9833025: 2.93333333333333
T9833027: 2.93333333333333
T9833028: 3.2
T9833030: 2.93333333333333
T9833032: 2.93333333333333
T9833035: 3.2
T9833037: 2.13333333333333
T9833039: 2.93333333333333
T9833043: 2.8
T9833045: 3.2
T9833046: 2.93333333333333
T9833050: 3.33333333333333
U9733013: 2.13333333333333
U9831107: 3.2
U9833001: 2.13333333333333
U9833002: 3.46666666666667
U9833003: 2.93333333333333
U9833005: 2.93333333333333
U9833007: 2.93333333333333
U9833009: 3.46666666666667
U9833011: 2.93333333333333
U9833014: 3.33333333333333
U9833015: 3.2
U9833019: 3.2
U9833020: 2.93333333333333
U9833022: 3.2
U9833023: 3.2
U9833024: 2.93333333333333
U9833025: 3.06666666666667
U9833026: 2.93333333333333
U9833030: 2.93333333333333
U9833031: 3.33333333333333
U9833034: 2.93333333333333
U9833035: 2.93333333333333
U9833038: 3.46666666666667
U9833039: 2.8
U9833040: 3.2
U9833041: 3.06666666666667
U9833043: 3.06666666666667
U9833044: 2.93333333333333
U9833047: 3.46666666666667
U9833048: 2.93333333333333
U9833049: 3.2
U9833050: 3.33333333333333
U9833052: 2.8
