---
T9833038: 1.33333333333333
U0014139: 2.33333333333333
U0033001: 5
U0033002: 3
U0033003: 2.33333333333333
U0033004: 4.33333333333333
U0033005: 5
U0033006: 3
U0033008: 2
U0033009: 2
U0033012: 4
U0033013: 2.33333333333333
U0033014: 1.33333333333333
U0033015: 4
U0033016: 2.66666666666667
U0033018: 3.66666666666667
U0033019: 2.66666666666667
U0033020: 2.66666666666667
U0033022: 2.33333333333333
U0033023: 5
U0033024: 4.33333333333333
U0033029: 5
U0033030: 5
U0033031: 2.33333333333333
U0033032: 4.33333333333333
U0033033: 3.66666666666667
U0033034: 2.33333333333333
U0033035: 2.66666666666667
U0033036: 3.66666666666667
U0033037: 2.66666666666667
U0033039: 2
U0033040: 3.66666666666667
U0033042: 4
U0033133: 3
U0033135: 3.66666666666667
U0033136: 2
U0033137: 1.33333333333333
U0033139: 3.66666666666667
U9933035: 2.66666666666667
