---
U0031032: 3
U0031046: 2.33333333333333
U0034001: 2
U0034002: 3
U0034003: 3
U0034004: 1.66666666666667
U0034005: 5
U0034006: 3
U0034007: 5
U0034008: 1.66666666666667
U0034009: 3
U0034010: 3
U0034011: 3
U0034012: 2.33333333333333
U0034013: 3
U0034014: 3.66666666666667
U0034015: 1.66666666666667
U0034016: 2
U0034017: 3
U0034023: 1.66666666666667
U0034024: 4.33333333333333
U0034025: 3
U0034026: 2.66666666666667
U0034027: 3
U0034028: 3
U0034029: 3
U0034030: 3.66666666666667
U0034031: 3
U0034032: 2.33333333333333
U0034033: 5
U0034034: 1.66666666666667
U0034035: 2
U0034036: 5
U0034037: 4.33333333333333
U0034038: 1.66666666666667
U0034040: 3
U0034042: 1.66666666666667
U0034043: 3
U0034044: 3
U0034045: 3
U0034046: 1.66666666666667
U0034049: 1.66666666666667
U0034050: 2
U0034051: 3.66666666666667
U0034055: 2.66666666666667
U0034056: 5
U9834018: 2
U9933033: 5
U9934004: 2.66666666666667
U9934026: 4.33333333333333
