---
T9823041: 4.53333333333333
V9741044: 4.33703703703704
V9741064: 4.7074074074074
V9841010: 4.28148148148148
V9841011: 3.19259259259259
V9841022: 4.4275
V9841025: 3.47037037037037
V9841028: 4.01851851851852
V9841042: 4.44074074074074
V9841049: 4.4037037037037
V9941001: 2.58888888888889
V9941007: 3.67407407407407
V9941011: 4.07037037037037
V9941012: 4.18888888888888
V9941013: 3.95185185185185
V9941015: 4.57407407407407
V9941022: 2.3
V9941026: 4.42962962962963
V9941027: 4.32222222222222
V9941029: 4.6
V9941037: 3.64814814814815
V9941040: 3.88518518518518
V9941047: 4.04444444444445
V9941049: 1.43333333333333
V9941050: 3.26296296296296
V9941059: 3.75555555555555
V9941060: 0
V9941067: 3.5037037037037
V9941075: 4.68148148148148
V9941077: 2.1
