---
V9841033: 3.83333333333333
V9841034: 2.91666666666667
V9841036: 4.33333333333333
V9841037: 2.91666666666667
V9841038: 4
V9841039: 4
V9841040: 4.66666666666667
V9841041: 3.75
V9841046: 0
V9841048: 4
V9841049: 3.91666666666667
V9841050: 4.83333333333333
V9841051: 4.83333333333333
V9841053: 4.75
V9841054: 4
V9841058: 4.83333333333333
V9841059: 4.33333333333333
V9841064: 4.5
V9841067: 4.25
V9841068: 4.25
V9841069: 4.66666666666667
V9841071: 3.5
