---
U0043041: 3.16666666666667
V0041002: 4.16666666666667
V0041007: 4.16666666666667
V0041009: 4.5
V0041012: 4
V0041017: 4.5
V0041025: 0
V0041030: 4.66666666666667
V0041033: 4.16666666666667
V0041035: 2.58333333333333
V0041038: 2.58333333333333
V0041040: 1.08333333333334
V0041044: 4.5
V0041046: 4.25
V0041049: 2.25
V0041052: 3.66666666666667
V0041055: 3.16666666666667
V0041058: 3.25
V0299140: 3.5
V9941065: 4
