---
V0041025: 0

U0043041: 4.33333333333333
V0041002: 4.33333333333333
V0041007: 4.33333333333333
V0041009: 4
V0041012: 4
V0041017: 4
V0041030: 4.33333333333333
V0041033: 4.33333333333333
V0041035: 2.16666666666667
V0041038: 2.16666666666667
V0041040: 2.16666666666667
V0041044: 4
V0041046: 3.5
V0041049: 3.5
V0041052: 4.33333333333333
V0041055: 4.33333333333333
V0041058: 3.5
V0299140: 4
V9941065: 4
