---
T9831019: 4.16666666666667
U0022016: 4.5
U0031001: 3.5
U0031002: 4.5
U0031003: 5
U0031004: 4.33333333333333
U0031005: 4.5
U0031006: 4.5
U0031007: 3.5
U0031008: 5
U0031009: 4.83333333333333
U0031010: 3.5
U0031011: 2.83333333333333
U0031012: 4.5
U0031013: 3.33333333333333
U0031014: 4.66666666666667
U0031016: 4.5
U0031017: 4.33333333333333
U0031018: 4.5
U0031020: 4
U0031022: 4.5
U0031024: 4
U0031025: 4.5
U0031026: 4.5
U0031027: 3.5
U0031028: 4.5
U0031029: 4.5
U0031031: 5
U0031033: 4
U0031034: 4.33333333333333
U0031035: 4.5
U0031036: 4.5
U0031037: 4.5
U0031038: 3
U0031039: 4.5
U0031040: 4.5
U0031041: 5
U0031042: 3.83333333333333
U0031043: 4.5
U0031044: 5
U0031045: 5
U0031047: 4.5
U0031048: 0
U0031049: 3.5
U9831152: 4.5
U9833051: 3.5
