---
# absent
U0031048: 0

T9831019: 4.33333333333333
U0022016: 5
U0031001: 3
U0031002: 5
U0031003: 5
U0031004: 4.66666666666667
U0031005: 5
U0031006: 5
U0031007: 5
U0031008: 5
U0031009: 4.66666666666667
U0031010: 3
U0031011: 3.66666666666667
U0031012: 5
U0031013: 4.66666666666667
U0031014: 4.33333333333333
U0031016: 5
U0031017: 3.66666666666667
U0031018: 5
U0031020: 5
U0031022: 5
U0031024: 5
U0031025: 5
U0031026: 5
U0031027: 4
U0031028: 5
U0031029: 5
U0031031: 5
U0031033: 5
U0031034: 4.66666666666667
U0031035: 5
U0031036: 5
U0031037: 5
U0031038: 4
U0031039: 5
U0031040: 5
U0031041: 5
U0031042: 3.66666666666667
U0031043: 5
U0031044: 5
U0031045: 5
U0031047: 5
U0031049: 5
U9831152: 5
U9833051: 3
