---
U0031032: 2.77777777777778
U0031046: 3
U0034001: 2.77777777777778
U0034002: 3.22222222222222
U0034003: 3
U0034004: 1.88888888888889
U0034005: 3.22222222222222
U0034006: 1.88888888888889
U0034007: 3.66666666666667
U0034008: 3.22222222222222
U0034009: 3
U0034010: 2.11111111111111
U0034011: 3.44444444444444
U0034012: 3.22222222222222
U0034013: 3.66666666666667
U0034014: 3.22222222222222
U0034015: 2.33333333333333
U0034016: 3.22222222222222
U0034017: 4.77777777777778
U0034023: 2.77777777777778
U0034024: 1.88888888888889
U0034025: 3.22222222222222
U0034026: 3.22222222222222
U0034027: 2.77777777777778
U0034028: 2.33333333333333
U0034029: 4.77777777777778
U0034030: 2.77777777777778
U0034031: 2.33333333333333
U0034032: 2.33333333333333
U0034033: 2.77777777777778
U0034034: 2.55555555555556
U0034035: 3.22222222222222
U0034036: 3.44444444444444
U0034037: 3.22222222222222
U0034038: 3.44444444444444
U0034040: 2.77777777777778
U0034042: 3.22222222222222
U0034043: 3.44444444444444
U0034044: 3.22222222222222
U0034045: 4.77777777777778
U0034046: 2.55555555555556
U0034049: 3.44444444444444
U0034050: 2.11111111111111
U0034051: 2.33333333333333
U0034055: 2.77777777777778
U0034056: 3.22222222222222
U9834018: 2.77777777777778
U9933033: 3.44444444444444
U9934004: 2.55555555555556
U9934026: 2.33333333333333
