---
V0141038: 0
V0141062: 4.49955
V0141063: 4.089591
V0241001: 2.805275
V0241004: 3.725183
V0241008: 0
V0241017: 2.3331
V0241024: 2.394205
V0241026: 3.271895
V0241034: 4.09959
V0241039: 3.815174
V0241041: 3.427435
V0241045: 3.682965
V0241046: 4.322901
V0241064: 4.141808
V0241066: 4.16625
V0241067: 3.294115
V0341005: 3.39966
V0341010: 3.89961
V0341012: 3.998489
V0341016: 3.09969
V0341019: 3.771845
V0341024: 4.860625
V0341025: 4.158473
V0341027: 4.471775
V0341031: 3.138575
V0341033: 3.931829
V0341034: 4.657312
V0341035: 4.160695
V0341037: 2.694175
V0341044: 3.294115
V0341051: 3.571865
V0341052: 2.3331
