---
V0141062: 3.5
V0141063: 3.5
V0241001: 2.91666666666667
V0241004: 2.91666666666667
V0241017: 3
V0241024: 3.08333333333333
V0241026: 3.41666666666667
V0241034: 3.5
V0241039: 3.41666666666667
V0241041: 4.58333333333333
V0241045: 3
V0241046: 3
V0241064: 2.91666666666667
V0241066: 3.5
V0241067: 3.08333333333333
V0341005: 3.5
V0341010: 3.5
V0341012: 2.91666666666667
V0341016: 3.5
V0341019: 2.91666666666667
V0341024: 4.58333333333333
V0341025: 3.41666666666667
V0341027: 3.41666666666667
V0341031: 2.91666666666667
V0341033: 2.91666666666667
V0341034: 4.58333333333333
V0341035: 4.58333333333333
V0341037: 3.08333333333333
V0341044: 3.08333333333333
V0341051: 2.91666666666667
V0341052: 3
