---
B04200066: 5
B05140116: 0
B05200009: 4.38888888888889
B05200013: 0
B05200018: 5
B05200022: 4.44444444444444
B05200026: 4.88888888888889
B05200032: 5
B05200036: 4.5
B05200043: 4.5
B05200048: 5
B05200054: 4.5
B05200058: 3.83333333333333
B05200066: 5
B05200070: 3.83333333333333
B05200074: 0
B05200078: 0
B05200082: 5
B05200086: 4.44444444444444
B05200092: 5
B05210064: 3.94444444444445
B06202101: 4.44444444444444
B06202102: 3.83333333333333
B06202104: 4.5
B06202106: 5
U06100101: 2.88888888888889
