---
B05140116: 0
B05200074: 0
B05200013: 0
B05200078: 0

B04200066: 5
B05200009: 4.77777777777778
B05200018: 5
B05200022: 3.88888888888889
B05200026: 4.77777777777778
B05200032: 5
B05200036: 5
B05200043: 5
B05200048: 5
B05200054: 5
B05200058: 3.66666666666667
B05200066: 5
B05200070: 3.66666666666667
B05200082: 5
B05200086: 3.88888888888889
B05200092: 5
B05210064: 3.88888888888889
B06202101: 3.88888888888889
B06202102: 3.66666666666667
B06202104: 5
B06202106: 5
U06100101: 4.77777777777778
