---
T9831030: 4.33333333333333
U0031032: 1.5
U0031046: 3.83333333333333
U0034001: 5
U0034002: 5
U0034003: 2.5
U0034004: 4
U0034005: 5
U0034006: 4
U0034007: 4
U0034008: 4.5
U0034009: 3.5
U0034010: 4
U0034011: 4.5
U0034012: 5
U0034013: 4.5
U0034014: 3.5
U0034015: 4.5
U0034016: 3
U0034017: 3.5
U0034023: 5
U0034024: 5
U0034025: 4
U0034026: 4.5
U0034027: 4.83333333333333
U0034028: 3.5
U0034029: 4
U0034030: 3.5
U0034031: 4.33333333333333
U0034032: 3.83333333333333
U0034033: 4
U0034034: 4
U0034035: 5
U0034036: 4.5
U0034037: 5
U0034038: 4.5
U0034040: 4
U0034042: 3.5
U0034043: 3.66666666666667
U0034044: 5
U0034045: 2.5
U0034046: 3.16666666666667
U0034049: 3.83333333333333
U0034050: 5
U0034051: 4.5
U0034055: 4
U0034056: 3.83333333333333
U9733015: 3.83333333333333
U9834018: 4.5
