---
T9831030: 4.66666666666667
U0031032: 3
U0031046: 4.66666666666667
U0034001: 5
U0034002: 5
U0034003: 4
U0034004: 5
U0034005: 5
U0034006: 5
U0034007: 5
U0034008: 5
U0034009: 3
U0034010: 5
U0034011: 5
U0034012: 5
U0034013: 5
U0034014: 4
U0034015: 5
U0034016: 3
U0034017: 5
U0034023: 5
U0034024: 5
U0034025: 5
U0034026: 5
U0034027: 4.66666666666667
U0034028: 5
U0034029: 5
U0034030: 5
U0034031: 4.66666666666667
U0034032: 4.66666666666667
U0034033: 5
U0034034: 5
U0034035: 5
U0034036: 5
U0034037: 5
U0034038: 5
U0034040: 5
U0034042: 4
U0034043: 3.33333333333333
U0034044: 5
U0034045: 5
U0034046: 3.33333333333333
U0034049: 4.66666666666667
U0034050: 5
U0034051: 5
U0034055: 5
U0034056: 4.66666666666667
U9733015: 4.66666666666667
U9834018: 5
