---
T9823041: 4.06666666666666
V9741044: 4.01481481481482
V9741064: 4.01481481481482
V9841010: 3.91111111111111
V9841011: 3.62962962962963
V9841022: 4.01481481481482
V9841025: 2.98518518518518
V9841028: 4.41481481481481
V9841042: 3.94814814814815
V9841049: 3.6962962962963
V9941001: 2.93333333333334
V9941007: 3.53703703703703
V9941011: 4.8
V9941012: 4.8
V9941013: 3.85555555555556
V9941015: 4
V9941022: 3.72222222222222
V9941026: 3.85925925925926
V9941027: 4.09629629629629
V9941029: 4.6
V9941037: 4.8
V9941040: 4.41481481481481
V9941047: 3.9074074074074
V9941049: 3.5037037037037
V9941050: 3.59629629629629
V9941059: 2.65185185185186
V9941060: 0
V9941067: 4.13703703703704
V9941075: 4.05925925925926
V9941077: 0
