---
U0222217: 0
V0241001: 3.58333333333333
V0241012: 3.25
V0241014: 3.33333333333333
V0241017: 2.75
V0241020: 1.75
V0241024: 3.58333333333333
V0241029: 2
V0241031: 4.08333333333333
V0241033: 3.75
V0241038: 2.08333333333333
V0241042: 4.25
V0241045: 3.5
V0241054: 2.33333333333333
V0241063: 3
V0241065: 4.08333333333333
V0241067: 4.08333333333333
V9941076: 3.75
