---
V9941076: 2.5
U0222217: 0

V0241001: 4.16666666666667
V0241012: 4.5
V0241014: 2.66666666666667
V0241017: 2.5
V0241020: 2.5
V0241024: 3.16666666666667
V0241029: 3
V0241031: 3.16666666666667
V0241033: 4.5
V0241038: 3.16666666666667
V0241042: 4.5
V0241045: 3
V0241054: 2.66666666666667
V0241063: 3
V0241065: 4.16666666666667
V0241067: 4.16666666666667
