---
B04200108: 3.55555555555555
B04202201: 5
B04202204: 2.66666666666667
B05200006: 4
B05200012: 3.5
B05200016: 4
B05200019: 4
B05200023: 4.16666666666667
B05200027: 3.5
B05200030: 4.66666666666667
B05200033: 4
B05200037: 3.5
B05200042: 4.5
B05200047: 3.5
B05200053: 3.55555555555555
B05200063: 4.16666666666667
B05200065: 4.5
B05200069: 4.66666666666667
B05200073: 3.05555555555555
B05200077: 0
B05200083: 0
B05200089: 4.66666666666667
B06202103: 4
B06202105: 4
B06202107: 4
