---
B05200083: 0
B04140028: 0
B05200059: 0
B05200077: 0

B04200108: 2.11111111111111
B04202201: 5
B04202204: 4.33333333333333
B05200006: 3
B05200012: 3
B05200016: 3
B05200019: 3
B05200023: 4.33333333333333
B05200027: 3
B05200030: 4.33333333333333
B05200033: 3
B05200037: 3
B05200042: 5
B05200047: 3
B05200053: 2.11111111111111
B05200063: 4.33333333333333
B05200065: 5
B05200069: 4.33333333333333
B05200073: 2.11111111111111
B05200089: 4.33333333333333
B06202103: 3
B06202105: 3
B06202107: 3
