---
U0131117: 3.45370370370371
U0143010: 3.35185185185185
U0143020: 4
V0041008: 2.62962962962963
V0041042: 3.01851851851852
V0041046: 2.98148148148148
V0041062: 0
V0041066: 3.34259259259259
V0141001: 3.85185185185185
V0141002: 3.11111111111111
V0141003: 2.38888888888889
V0141008: 2.86111111111111
V0141009: 3.01851851851852
V0141011: 3.38888888888889
V0141012: 3.11111111111111
V0141016: 2.90740740740741
V0141017: 4.10185185185185
V0141018: 3.25925925925926
V0141019: 0
V0141021: 3.32407407407408
V0141022: 2.91666666666667
V0141023: 2.25
V0141025: 3.87962962962963
V0141026: 3.23148148148148
V0141029: 2.67592592592592
V0141035: 3.57407407407408
V0141036: 2.67592592592592
V0141037: 4.91666666666667
V0141038: 2.25
V0141041: 3.28703703703704
V0141046: 3.38888888888889
V0141048: 2.94444444444445
V0141049: 3.63888888888889
V0141051: 2.66666666666667
V0141052: 3.87037037037037
V0141053: 4.28703703703703
V0141054: 3.77777777777778
V0141055: 3.46296296296297
V0141059: 4.26851851851852
V0141060: 2.08333333333333
V0141061: 2.51851851851852
V0141064: 0
V0241045: 3.20370370370371
V0241046: 2.75925925925926
