---
U0131117: 2.40740740740741
U0143010: 3.7037037037037
U0143020: 5
V0041008: 2.59259259259259
V0041022: 0
V0041042: 2.03703703703704
V0041046: 2.96296296296296
V0041062: 0
V0041066: 1.85185185185185
V0141001: 3.7037037037037
V0141002: 2.22222222222222
V0141003: 1.11111111111111
V0141008: 2.22222222222222
V0141009: 2.03703703703704
V0141011: 2.77777777777778
V0141012: 2.22222222222222
V0141016: 3.14814814814815
V0141017: 3.7037037037037
V0141018: 3.51851851851852
V0141019: 0
V0141021: 3.14814814814815
V0141022: 1.66666666666667
V0141023: 0
V0141025: 4.25925925925926
V0141026: 2.96296296296296
V0141028: 0
V0141029: 1.85185185185185
V0141035: 3.14814814814815
V0141036: 1.85185185185185
V0141037: 5
V0141038: 0
V0141041: 2.40740740740741
V0141046: 2.77777777777778
V0141048: 2.22222222222222
V0141049: 2.77777777777778
V0141051: 1.66666666666667
V0141052: 4.07407407407407
V0141053: 4.07407407407407
V0141054: 3.88888888888889
V0141055: 4.25925925925926
V0141059: 3.7037037037037
V0141060: 0
V0141061: 2.03703703703704
V0141064: 0
V0241045: 2.40740740740741
V0241046: 1.85185185185185
