---
U0122213: 4.25
U0218037: 3.83333333333333
U0222015: 3.75
U9923128: 4.25
V9941031: 3.83333333333333
V9941036: 4.75
V9941057: 3.83333333333333
