---
U0122213: 4.5
U0218037: 3.66666666666667
U0222015: 3.5
U9923128: 4.5
V9941031: 3.66666666666667
V9941036: 4.5
V9941057: 3.66666666666667
