---
U0510005: 4.2
U0510012: 4.03333333333333
U0516005: 4.3
U0516008: 4.3
U0516029: 4.03333333333333
U0516044: 4.2
U0516048: 0
U0517025: 0
U0517046: 3.83333333333333
U0521133: 3.7
U0521143: 4.5
U0531113: 0
U0531144: 4.5
U0531211: 4.03333333333333
U0533003: 4.2
U0533016: 0
U0534033: 4.1
U0534047: 4.5
U0534048: 4.1
U0542014: 3.83333333333333
U0543040: 3.7
U0543045: 4.3
U0557029: 4.2
U0557037: 4.1
