---
U0510005: 4.13292
U0510012: 2.69973
U0516005: 3.8885
U0516008: 3.98849
U0516029: 4.10172068493151
U0516044: 2.84416
U0516048: 0
U0517025: 0.32219
U0517046: 2.7775
U0521133: 3.92289534246575
U0521143: 4.44704383561644
U0531113: 0
U0531144: 4.6662
U0531211: 2.8886
U0533003: 2.79972
U0533016: 0
U0534033: 3.07747
U0534047: 4.38540616438356
U0534048: 2.74417
U0542014: 2.56641
U0543040: 2.46642
U0543045: 3.36633
U0557029: 4.03293
U0557037: 4.08680589041096
