---
U0517025: 0
U0531113: 0
U0516048: 0
U0533016: 0

U0510005: 3.4
U0510012: 4.06666666666667
U0516005: 4.6
U0516008: 4.6
U0516029: 4.06666666666667
U0516044: 3.4
U0517046: 3.66666666666667
U0521133: 3.4
U0521143: 5
U0531144: 5
U0531211: 4.06666666666667
U0533003: 3.4
U0534033: 4.2
U0534047: 5
U0534048: 4.2
U0542014: 3.66666666666667
U0543040: 3.4
U0543045: 4.6
U0557029: 3.4
U0557037: 4.2
