---
T9823041: 3
V9741002: 0
V9741044: 4
V9841002: 3.2
V9841005: 3.7
V9841006: 4.2
V9841007: 2.9
V9841008: 0
V9841009: 3.3
V9841010: 2.8
V9841011: 2.73333333333334
V9841013: 4.73333333333334
V9841015: 2.7
V9841017: 3.9
V9841020: 4.2
V9841022: 4.3
V9841024: 4
V9841026: 3.9
V9841027: 3.4
V9841028: 4.2
V9841029: 3.9
V9841030: 2.9
V9841031: 3.73333333333334
