---
T9823041: 5
V9741044: 5
V9841002: 3.4
V9841005: 3.4
V9841006: 3.4
V9841007: 3.8
V9841009: 4.6
V9841010: 4.6
V9841011: 4.46666666666667
V9841013: 4.46666666666667
V9841015: 3.4
V9841017: 3.8
V9841020: 3.4
V9841022: 4.6
V9841024: 5
V9841026: 3.8
V9841027: 3.8
V9841028: 3.4
V9841029: 3.8
V9841030: 3.8
V9841031: 4.46666666666667
