---
U0022016: 2.5
U0031001: 2.33333333333333
U0031002: 3.66666666666667
U0031003: 2.5
U0031004: 1.83333333333334
U0031005: 2.83333333333333
U0031006: 2.5
U0031007: 2.66666666666667
U0031008: 3.16666666666667
U0031009: 2.66666666666667
U0031010: 3.16666666666667
U0031011: 2.16666666666667
U0031012: 3.16666666666667
U0031013: 2.5
U0031014: 3.16666666666667
U0031016: 1.83333333333334
U0031017: 2.83333333333333
U0031018: 4.33333333333333
U0031020: 2.16666666666667
U0031022: 3.16666666666667
U0031024: 2.33333333333333
U0031025: 1.83333333333334
U0031026: 4
U0031027: 2.83333333333333
U0031028: 2.83333333333333
U0031029: 2.83333333333333
U0031031: 2.33333333333333
U0031033: 2.16666666666667
U0031034: 3.33333333333333
U0031035: 2.83333333333333
U0031036: 2.33333333333333
U0031037: 2.66666666666667
U0031038: 2.16666666666667
U0031039: 2.5
U0031040: 4.5
U0031041: 3
U0031042: 2.66666666666667
U0031043: 2.83333333333333
U0031044: 2.16666666666667
U0031045: 4.5
U0031047: 4.33333333333333
U0031048: 0
U0031049: 2.66666666666667
U9831006: 0
U9831144: 2.33333333333333
U9831152: 2.83333333333333
U9931129: 2.66666666666667
U9931152: 2.33333333333333
