---
U0031004: 0

T9831019: 4.66666666666667
U0022016: 5
U0031001: 4.66666666666667
U0031002: 4.66666666666667
U0031003: 5
U0031004: ~
U0031005: 3.33333333333333
U0031006: 5
U0031007: 4
U0031008: 4.33333333333333
U0031009: 4.66666666666667
U0031010: 4.33333333333333
U0031011: 4.66666666666667
U0031012: 5
U0031013: 5
U0031014: 4.66666666666667
U0031016: 4.66666666666667
U0031017: 3.33333333333333
U0031018: 4
U0031020: 5
U0031022: 4.66666666666667
U0031024: 4.66666666666667
U0031025: 4.33333333333333
U0031026: 4.66666666666667
U0031027: 4.66666666666667
U0031028: 2.66666666666667
U0031029: 5
U0031031: 5
U0031033: 5
U0031034: 4
U0031035: 4.66666666666667
U0031036: 5
U0031037: 4.33333333333333
U0031038: 5
U0031039: 4.66666666666667
U0031040: 4.33333333333333
U0031041: 5
U0031042: 2.66666666666667
U0031043: 5
U0031044: 4
U0031045: 4.66666666666667
U0031047: 3.33333333333333
U0031048: 4.33333333333333
U0031049: 2.66666666666667
U9831152: 4
U9833051: 5
