---
T9822043: 4.58333333333333
U9711114: 2.5
U9817051: 4.58333333333333
U9818019: 3.5
U9818039: 4.58333333333333
U9818048: 4.58333333333333
U9821130: 3.5
U9914051: 4.16666666666667
U9918041: 0
U9931043: 4.16666666666667
U9931123: 0
U9931134: 4.58333333333333
U9931148: 3.58333333333333
V9741064: 3.16666666666667
