---
N03200006: 36.6666666666667
N03200008: 63.6666666666667
N03200030: 38
N03200034: 48.3333333333333
N04200001: 46.6666666666667
N04200003: 79.1666666666667
N04200005: 96.6666666666667
N04200010: 78.6666666666667
N04200012: 10
N04200014: 85
N04200022: 48.3333333333333
N04200025: 44.1666666666667
N04200029: 13.3333333333333
N04200032: 78.3333333333333
N04200041: 36.6666666666667
N04200045: 15
N04200049: 95.8333333333333
N04200051: 10
N04200055: 26.6666666666667
N04200057: 95
N04200060: 55
N04203106: 48.3333333333333
N05202101: 76.6666666666667
N05202103: 57.3333333333333
