---
U9816024: 2.76666666666666
U9933001: 4.6
U9933003: 4.8
U9933005: 2.66666666666667
U9933006: 4.8
U9933008: 2.9
U9933010: 2.4
U9933011: 2.76666666666666
U9933017: 2.83333333333333
U9933020: 2.86666666666666
U9933022: 3.16666666666667
U9933023: 2.9
U9933024: 3.46666666666667
U9933025: 2.33333333333333
U9933026: 3.16666666666667
U9933027: 4.8
U9933029: 4.4
U9933030: 3.66666666666667
U9933031: 4.46666666666667
U9933033: 4.06666666666666
U9933037: 3.66666666666667
U9933038: 3.96666666666667
U9933039: 3.56666666666667
U9933041: 3.63333333333334
U9933043: 3.4
U9933044: 3.9
U9933045: 3.33333333333333
U9933107: 2.9
U9933108: 4.4
U9933109: 2.86666666666666
U9933112: 3.66666666666667
U9933116: 3.4
U9933126: 3.13333333333334
U9933136: 3.76666666666666
U9933138: 3.13333333333334
U9933139: 1.86666666666666
U9933143: 3.56666666666667
