---
V9841033: 0
V9941025: 4.6
V9941026: 4.6
V9941027: 3.8
V9941029: 4
V9941031: 4.6
V9941032: 2.66666666666667
V9941033: 4.6
V9941036: 4.6
V9941037: 4.6
V9941039: 0
V9941040: 4.6
V9941043: 4
V9941045: 4.6
V9941046: 3.2
V9941047: 3.2
V9941049: 4
V9941050: 4
V9941051: 2.66666666666667
V9941057: 2.66666666666667
V9941059: 4.6
V9941060: 4
V9941062: 3.2
V9941064: 0
V9941067: 4.6
V9941068: 3.8
V9941069: 4
V9941071: 4.6
V9941073: 4.6
V9941075: 3.8
V9941076: 4.6
