---
U9933001: 4.66666666666667
U9933003: 4.66666666666667
U9933005: 3.66666666666667
U9933006: 2.5
U9933008: 3.16666666666667
U9933010: 3.66666666666667
U9933011: 4.66666666666667
U9933017: 4.5
U9933020: 2.5
U9933022: 4.5
U9933023: 2.66666666666667
U9933024: 3
U9933025: 4.5
U9933026: 2.66666666666667
U9933027: 4.66666666666667
U9933029: 1.83333333333333
U9933030: 3.16666666666667
U9933031: 4.66666666666667
U9933033: 4.5
U9933037: 4.66666666666667
U9933038: 2.66666666666667
U9933039: 1.83333333333333
U9933041: 1.83333333333333
U9933043: 4.66666666666667
U9933044: 3.66666666666667
U9933045: 2.66666666666667
U9933107: 3.16666666666667
U9933108: 2.5
U9933109: 3.16666666666667
U9933112: 4.66666666666667
U9933116: 3
U9933126: 1.83333333333333
U9933136: 2.5
U9933138: 3.66666666666667
U9933139: 3
U9933143: 3
