---
U9816024: 4.4
U9933001: 3.46666666666667
U9933003: 4.6
U9933005: 3.8
U9933006: 3.93333333333333
U9933008: 4.86666666666667
U9933010: 3.86666666666666
U9933011: 4.4
U9933017: 3.46666666666667
U9933020: 4.33333333333333
U9933022: 4.2
U9933023: 3.8
U9933024: 4.6
U9933025: 4.4
U9933026: 3.8
U9933027: 3.96666666666667
U9933029: 3.93333333333333
U9933030: 4.4
U9933031: 4.93333333333334
U9933033: 3.86666666666666
U9933037: 4.3
U9933038: 4.8
U9933039: 4.43333333333334
U9933041: 2.93333333333333
U9933043: 3.13333333333334
U9933044: 4.93333333333334
U9933045: 3.13333333333334
U9933107: 2.93333333333333
U9933108: 4.93333333333334
U9933109: 3.33333333333333
U9933112: 2.93333333333333
U9933116: 3.7
U9933126: 4.33333333333333
U9933136: 4.6
U9933138: 4.13333333333333
U9933139: 3.2
U9933143: 4.4
