---
U0031101: 3.83333333333333
U0031102: 2.5
U0031103: 4
U0031104: 3.5
U0031105: 4
U0031106: 4
U0031107: 0
U0031108: 3
U0031109: 3
U0031110: 3.33333333333333
U0031111: 4.5
U0031112: 3.83333333333333
U0031113: 3.5
U0031114: 4
U0031115: 3
U0031117: 4.5
U0031118: 3
U0031119: 4
U0031120: 4.83333333333333
U0031122: 4
U0031123: 3
U0031124: 3.83333333333333
U0031126: 4
U0031127: 2.5
U0031128: 3.5
U0031129: 3
U0031130: 4.33333333333333
U0031131: 4.33333333333333
U0031132: 4.5
U0031133: 3
U0031135: 0
U0031136: 4.16666666666667
U0031138: 4.5
U0031139: 5
U0031140: 5
U0031142: 3.83333333333333
U0031143: 0
U0031144: 2.83333333333333
U0031145: 3.33333333333333
U0031146: 4.83333333333333
U0031147: 5
U0031150: 2.33333333333333
U0031205: 3.66666666666667
U9743025: 3.5
U9931152: 4.66666666666667
