---
U0031101: 1.83333333333334
U0031102: 4
U0031103: 2.66666666666667
U0031104: 4
U0031105: 3.5
U0031106: 3.33333333333333
U0031107: 2
U0031108: 4.16666666666667
U0031109: 3.66666666666667
U0031110: 2.5
U0031111: 2.5
U0031112: 2.16666666666667
U0031113: 2.66666666666667
U0031114: 2.16666666666667
U0031115: 3.66666666666667
U0031116: 0
U0031117: 3.33333333333333
U0031118: 2.83333333333333
U0031119: 3
U0031120: 3.5
U0031122: 4.5
U0031123: 3
U0031124: 3.83333333333333
U0031126: 2.33333333333333
U0031127: 3
U0031128: 2.5
U0031129: 1.66666666666666
U0031130: 3.33333333333333
U0031131: 2.16666666666667
U0031132: 2.83333333333333
U0031133: 3
U0031135: 2.16666666666667
U0031136: 0
U0031138: 3.16666666666667
U0031139: 2.83333333333333
U0031140: 3.66666666666667
U0031141: 2
U0031142: 2.16666666666667
U0031143: 2.16666666666667
U0031144: 4.16666666666667
U0031145: 2.66666666666667
U0031146: 2.66666666666667
U0031147: 3.83333333333333
U0031150: 3.33333333333333
U0031205: 3.16666666666667
U9931001: 2
U9931248: 3.83333333333333
