---
U0031107: 0
U0031135: 0
U0031143: 0

U0031101: 4.66666666666667
U0031102: 3
U0031103: 3
U0031104: 5
U0031105: 5
U0031106: 5
U0031107: ~
U0031108: 5
U0031109: 5
U0031110: 4.66666666666667
U0031111: 5
U0031112: 4.66666666666667
U0031113: 5
U0031114: 5
U0031115: 5
U0031117: 5
U0031118: 3
U0031119: 3
U0031120: 4.66666666666667
U0031122: 3
U0031123: 5
U0031124: 3.66666666666667
U0031126: 5
U0031127: 3
U0031128: 3
U0031129: 3
U0031130: 4.66666666666667
U0031131: 4.66666666666667
U0031132: 5
U0031133: 5
U0031135: ~
U0031136: 4.33333333333333
U0031138: 5
U0031139: 5
U0031140: 5
U0031142: 4.66666666666667
U0031143: ~
U0031144: 3.66666666666667
U0031145: 4.66666666666667
U0031146: 4.66666666666667
U0031147: 5
U0031150: 3.66666666666667
U0031205: 4.33333333333333
U9743025: 5
U9931152: 4.33333333333333
