---
T9833032: 0
T9833004: 3.5
T9833006: 3.66666666666667
T9833009: 2.66666666666667
T9833013: 2.33333333333333
T9833025: 2.83333333333333
T9833027: 2.33333333333333
T9833028: 3.83333333333333
T9833030: 3.66666666666667
T9833035: 2.66666666666667
T9833037: 3.5
T9833039: 3.66666666666667
T9833043: 3.66666666666667
T9833045: 3
T9833046: 3.5
T9833050: 2.66666666666667
U9733013: 3.33333333333333
U9831107: 2.83333333333333
U9833001: 3.83333333333333
U9833002: 2.33333333333333
U9833003: 2.83333333333333
U9833005: 2.33333333333333
U9833007: 2.66666666666667
U9833009: 3.66666666666667
U9833011: 2.66666666666667
U9833014: 3.66666666666667
U9833015: 3.66666666666667
U9833019: 2.33333333333333
U9833020: 3.5
U9833022: 2.83333333333333
U9833023: 2.33333333333333
U9833024: 3.83333333333333
U9833025: 2.83333333333333
U9833026: 3.33333333333333
U9833030: 2.66666666666667
U9833031: 3.5
U9833034: 3
U9833035: 3.66666666666667
U9833038: 3
U9833039: 3.5
U9833040: 3.33333333333333
U9833041: 3.33333333333333
U9833043: 2.83333333333333
U9833044: 3.83333333333333
U9833045: 2.33333333333333
U9833047: 2.83333333333333
U9833048: 3.5
U9833049: 2.33333333333333
U9833050: 2.66666666666667
U9833052: 3.5
