---
U0014139: 4.16666666666667
U0033001: 3.5
U0033002: 4
U0033003: 3.5
U0033004: 5
U0033005: 4.16666666666667
U0033006: 4
U0033008: 4.5
U0033009: 4.83333333333333
U0033010: 4.16666666666667
U0033012: 4.33333333333333
U0033013: 4.5
U0033014: 4.33333333333333
U0033015: 4.5
U0033016: 3.5
U0033018: 4.16666666666667
U0033019: 4.16666666666667
U0033020: 4.5
U0033022: 3.5
U0033023: 4.5
U0033024: 4.16666666666667
U0033029: 5
U0033030: 3.83333333333333
U0033031: 4.33333333333333
U0033032: 3.5
U0033033: 4.16666666666667
U0033034: 4.5
U0033035: 4
U0033036: 4.16666666666667
U0033037: 4
U0033039: 5
U0033040: 4.16666666666667
U0033042: 3
U0033133: 4.5
U0033135: 5
U0033136: 4.33333333333333
U0033137: 4
U0033139: 3
