---
U0014139: 4.33333333333333
U0033001: 5
U0033002: 5
U0033003: 3
U0033004: 5
U0033005: 4.33333333333333
U0033006: 4
U0033008: 5
U0033009: 4.66666666666667
U0033010: 3.33333333333333
U0033012: 4.66666666666667
U0033013: 5
U0033014: 4.66666666666667
U0033015: 5
U0033016: 4
U0033018: 3.33333333333333
U0033019: 3.33333333333333
U0033020: 5
U0033022: 3
U0033023: 5
U0033024: 4.33333333333333
U0033029: 5
U0033030: 4.66666666666667
U0033031: 4.66666666666667
U0033032: 3
U0033033: 4.33333333333333
U0033034: 5
U0033035: 4
U0033036: 4.33333333333333
U0033037: 4
U0033039: 5
U0033040: 4.33333333333333
U0033042: 4
U0033133: 5
U0033135: 5
U0033136: 4.66666666666667
U0033137: 5
U0033139: 4
