---
K220155482: 4.23333333333334
U0017024: 3.03333333333333
U0018027: 3.86666666666666
U0018046: 3.26666666666666
U0042012: 3.33333333333333
U0042041: 3.73333333333334
U0042050: 4.73333333333334
U0043001: 4.23333333333334
U0043004: 4.86666666666667
U0043033: 3.76666666666666
U0122002: 4.86666666666667
U0222133: 3.76666666666666
U0222228: 3.83333333333333
U9911237: 0
U9911242: 0
U9917017: 3.73333333333334
U9923120: 3.73333333333334
U9923121: 3.83333333333333
U9943007: 3.53333333333333
U9943019: 4.03333333333333
