---
9622299: 3.73333333333333
N9661749: 3.46666666666667
N9661754: 3.06666666666667
N9661760: 3.73333333333333
V9724004: 3.73333333333333
V9741030: 3.2
# V9741040: 3.73333333333333
# V9741065: 3.73333333333333
V9741066: 2.86666666666667
V9841001: 2.66666666666667
V9841025: 3.73333333333333
V9916050: 3.6
V9941001: 3.06666666666667
V9941003: 3.73333333333333
V9941005: 2.66666666666667
V9941007: 3.06666666666667
V9941010: 3.46666666666667
V9941011: 3.73333333333333
V9941012: 3.33333333333333
V9941013: 3.46666666666667
V9941014: 3.2
V9941015: 2.86666666666667
V9941022: 2.66666666666667
V9941023: 3.73333333333333
V9941025: 2.86666666666667
V9941026: 3.46666666666667
V9941027: 3.33333333333333
V9941029: 3.46666666666667
V9941031: 3.73333333333333
V9941032: 2.66666666666667
V9941033: 3.46666666666667
V9941036: 3.2
V9941037: 3.2
V9941040: 3.33333333333333
V9941043: 3.2
V9941044: 3.73333333333333
V9941045: 3.73333333333333
V9941046: 3.2
V9941047: 3.06666666666667
V9941049: 3.73333333333333
V9941050: 3.46666666666667
V9941057: 2.66666666666667
V9941059: 2.66666666666667
V9941060: 2.86666666666667
V9941062: 3.2
V9941067: 3.33333333333333
V9941068: 3.46666666666667
V9941069: 3.2
V9941071: 3.73333333333333
V9941073: 2.66666666666667
V9941075: 3.6
V9941076: 3.73333333333333
