---
V0241033: 3.41666666666667
V0241034: 3.83333333333333
V0241037: 3.83333333333333
V0241038: 3.66666666666667
V0241039: 4.41666666666667
V0241041: 3.91666666666667
V0241042: 1.91666666666666
V0241044: 3.66666666666667
V0241045: 3.91666666666667
V0241046: 2.83333333333333
V0241063: 2.16666666666667
V0241064: 2.83333333333333
V0241065: 3.83333333333333
V0241066: 2.91666666666667
V0241067: 2.83333333333333
