---
V0241004: 97.22
V0241014: 100
V0241017: 74.9983333333332
V0241022: 67.2233333333332
V0241024: 70.74
V0241026: 70.9266666666666
V0241029: 71.48
V0241030: 95.37
V0241031: 61.85
V0241032: 60.1866666666666
V0241034: 57.9616666666666
V0241037: 75.0016666666668
V0241038: 71.8533333333334
V0241039: 75.9283333333332
V0241041: 65.9266666666666
V0241064: 71.6683333333332
V0241066: 73.7016666666666
V0241067: 66.2983333333334
