---
V0241004: 4.861
V0241014: 5
V0241017: 3.74991666666666
V0241022: 3.36116666666666
V0241024: 3.537
V0241026: 3.54633333333333
V0241029: 3.574
V0241030: 4.7685
V0241031: 3.0925
V0241032: 3.00933333333333
V0241034: 2.89808333333333
V0241037: 3.75008333333334
V0241038: 3.59266666666667
V0241039: 3.79641666666666
V0241041: 3.29633333333333
V0241064: 3.58341666666666
V0241066: 3.68508333333333
V0241067: 3.31491666666667
