---
V0241004: 5
V0241014: 5
V0241017: 3.33333333333333
V0241022: 2.83333333333333
V0241024: 3
V0241026: 3.66666666666667
V0241029: 3
V0241030: 5
V0241031: 3
V0241032: 3.66666666666667
V0241034: 3.66666666666667
V0241037: 3.16666666666667
V0241038: 2.83333333333333
V0241039: 3.33333333333333
V0241041: 3.16666666666667
V0241064: 3.33333333333333
V0241066: 3.16666666666667
V0241067: 2.83333333333333
