---
V0241033: 2.83333333333333
V0241034: 4.66666666666667
V0241037: 2.66666666666667
V0241038: 3.33333333333333
V0241039: 3.83333333333333
V0241041: 3.83333333333333
V0241042: 2.83333333333333
V0241044: 3.33333333333333
V0241045: 3.83333333333333
V0241046: 4.66666666666667
V0241063: 3.33333333333333
V0241064: 4.66666666666667
V0241065: 2.66666666666667
V0241066: 2.83333333333333
V0241067: 2.66666666666667
