---
V0031007: 0
V0141001: 1.83333333333334
V0141003: 2.5
V0141008: 0
V0141011: 3.83333333333333
V0141016: 3.83333333333333
V0141018: 4.08333333333333
V0141021: 2.83333333333333
V0141023: 3.41666666666667
V0141026: 3.41666666666667
V0141029: 3.33333333333333
V0141036: 3
V0141038: 3.41666666666667
V0141042: 4.41666666666667
V0141046: 2.91666666666667
V0141049: 3.41666666666667
V0141051: 0
V0141053: 3.66666666666667
V0141055: 4.16666666666667
V0141059: 3.58333333333333
V0141061: 2.83333333333333
V0141063: 0
V0141065: 2.58333333333333
V9941077: 0
