---
V9941077: 0
V0031007: 0
V0141008: 0
V0141058: 0
V0141063: 0
V0141051: 0

V0141001: 2.66666666666667
V0141003: 3
V0141011: 4.66666666666667
V0141016: 4.66666666666667
V0141018: 4.16666666666667
V0141021: 2.66666666666667
V0141023: 4.83333333333333
V0141026: 3.83333333333333
V0141029: 4.66666666666667
V0141036: 3
V0141038: 4.83333333333333
V0141042: 3.83333333333333
V0141046: 4.83333333333333
V0141049: 3.83333333333333
V0141053: 4.33333333333333
V0141055: 4.33333333333333
V0141059: 4.16666666666667
V0141061: 2.66666666666667
V0141065: 4.16666666666667
