---
T9823041: 3.9
V9741002: 0
V9741044: 4.1
V9841002: 4.46666666666667
V9841005: 2.4
V9841006: 2.96666666666667
V9841007: 4.16666666666667
V9841008: 0
V9841009: 2.6
V9841010: 3.6
V9841011: 4.1
V9841013: 4.6
V9841015: 5
V9841017: 3.1
V9841020: 2.6
V9841022: 4.5
V9841024: 4.5
V9841026: 3.6
V9841027: 3.6
V9841028: 4.46666666666667
V9841029: 3.16666666666667
V9841030: 2.66666666666667
V9841031: 2.9
