---
T9823041: 3.8
V9741044: 4.2
V9841002: 3.93333333333333
V9841005: 3.8
V9841006: 3.93333333333333
V9841007: 4.33333333333333
V9841009: 4.2
V9841010: 4.2
V9841011: 4.2
V9841013: 4.2
V9841015: 5
V9841017: 4.2
V9841020: 4.2
V9841022: 5
V9841024: 5
V9841026: 4.2
V9841027: 4.2
V9841028: 3.93333333333333
V9841029: 4.33333333333333
V9841030: 4.33333333333333
V9841031: 3.8
