---
B01140007: 4.16666666666667
B01140060: 2.5
B01140112: 3.75
B02200005: 3.91666666666667
B02200013: 4.33333333333333
B02200017: 3.83333333333333
B02200023: 3.91666666666667
B02200027: 4
B02200031: 4.33333333333333
B02200035: 3.83333333333333
B02200039: 3.75
B02200046: 4
B02200050: 4.66666666666667
B02200058: 4.33333333333333
B02200062: 4.25
B02200066: 4.66666666666667
B02200068: 3.75
B02200072: 3.75
B02200076: 4.66666666666667
B02200082: 4.25
B02200086: 4
B02200090: 4
B02200094: 4
B02200098: 3.83333333333333
B02200102: 4.66666666666667
B02200106: 4.16666666666667
B03202203: 3.91666666666667
