---
B04200066: 3.549645
B05200009: 4.716195
B05200013: 0
B05200018: 4.47574285714286
B05200022: 3.52345714285714
B05200026: 2.04741428571428
B05200032: 4.14244285714286
B05200036: 4.64151111111111
B05200043: 4.41931111111111
B05200048: 2.9997
B05200054: 4.51806666666667
B05200058: 4.23476166666667
B05200066: 4.74026666666667
B05200070: 2.07360214285714
B05200074: 4.85136666666667
B05200078: 2.92827857142857
B05200082: 4.61743944444444
B05200086: 3.71391428571428
B05200092: 4.7773
B05210064: 3.81152357142857
B06202101: 4.61682222222222
B06202102: 3.38061428571428
B06202104: 3.71391428571428
B06202106: 3.09730928571428
