---
B00230075: 0
B01130006: 0
B02200046: 0
B02200064: 0
B02200094: 3
B02200096: 0
B03192105: 3.66666666666667
B03200005: 3.5
B03200007: 3.66666666666667
B03200011: 3
B03200015: 0
B03200019: 4
B03200023: 0
B03200027: 2.5
B03200031: 3.5
B03200037: 3.5
B03200039: 2.5
B03200043: 3.5
B03200052: 2.5
B03200056: 3.66666666666667
B03200064: 4.66666666666667
B03200068: 2.5
B03200078: 4
B03200084: 5
B03200092: 3.66666666666667
B03200100: 0
B03200102: 3.5
B03200106: 4.66666666666667
B03200110: 0
