---
B00230075: 0
B01130006: 0
B02200046: 0
B02200064: 0
B02200094: 4
B02200096: 0
B03192105: 4.66666666666667
B03200005: 4.5
B03200007: 4.66666666666667
B03200011: 4
B03200015: 0
B03200019: 5
B03200023: 0
B03200027: 3.5
B03200031: 4.5
B03200037: 4.5
B03200039: 3.5
B03200043: 4.5
B03200052: 3.5
B03200056: 4.66666666666667
B03200064: 4.66666666666667
B03200068: 3.5
B03200078: 5
B03200084: 5
B03200092: 4.66666666666667
B03200100: 0
B03200102: 4.5
B03200106: 4.66666666666667
B03200110: 0
