---
B00230075: 0
B02200096: 0
B03200015: 0
B02200064: 0
B02200046: 0
B03200023: 0
B03200110: 0
B01130006: 0
B03200100: 0

B02200094: 3
B03192105: 4.33333333333333
B03200005: 5
B03200007: 4.33333333333333
B03200011: 3
B03200019: 5
B03200027: 3
B03200031: 5
B03200037: 5
B03200039: 3
B03200043: 5
B03200052: 3
B03200056: 4.33333333333333
B03200064: 4.33333333333333
B03200068: 3
B03200078: 5
B03200084: 5
B03200092: 4.33333333333333
B03200102: 5
B03200106: 4.33333333333333
