---
U0031101: 1.58333333333334
U0031102: 2.75
U0031103: 3.41666666666667
U0031104: 4
U0031105: 2
U0031106: 3
U0031107: 3.16666666666667
U0031108: 2.5
U0031109: 3.08333333333333
U0031110: 3.25
U0031111: 4
U0031112: 2.83333333333333
U0031113: 3.16666666666667
U0031114: 3.16666666666667
U0031115: 3.5
U0031117: 2.33333333333333
U0031118: 3.66666666666667
U0031119: 3.25
U0031120: 2.41666666666667
U0031122: 3.41666666666667
U0031123: 3.25
U0031124: 2.33333333333333
U0031126: 2.16666666666667
U0031127: 3
U0031128: 3.08333333333333
U0031129: 2.91666666666667
U0031130: 2.5
U0031131: 3.91666666666667
U0031132: 3.16666666666667
U0031133: 2.75
U0031135: 2.66666666666667
U0031136: 3
U0031138: 2.33333333333333
U0031139: 3.41666666666667
U0031140: 3.25
U0031141: 0
U0031142: 3.5
U0031143: 4.41666666666667
U0031144: 3.33333333333333
U0031145: 3.66666666666667
U0031146: 4
U0031147: 3.41666666666667
U0031150: 2.83333333333333
U0031205: 3.16666666666667
U9743025: 2.75
U9931152: 2.41666666666667
