---
9622299: 0
N9661754: 2.6
V9724004: 3.03333333333333
V9741022: 2.6
V9741057: 3.8
V9741059: 2.76666666666666
V9841001: 2.86666666666666
V9841025: 3.66666666666667
V9841042: 3.1
V9841063: 3.03333333333333
V9841068: 3.3
V9916050: 2.66666666666667
V9941001: 3.26666666666666
V9941003: 3.3
V9941005: 2.26666666666666
V9941007: 3.16666666666667
V9941010: 3.66666666666667
V9941011: 2.53333333333333
V9941012: 3.66666666666667
V9941013: 4.86666666666667
V9941014: 0
V9941015: 4.86666666666667
V9941022: 3.1
V9941023: 0
