---
N9661749: 4.2
N9661754: 4.2
V9724004: 4.06666666666667
V9741022: 4.2
V9741057: 4.6
V9741059: 3.53333333333333
V9841001: 4.73333333333333
V9841025: 4.33333333333333
V9841042: 4.2
V9841063: 4.06666666666667
V9841068: 4.6
V9916050: 4.33333333333333
V9941001: 3.53333333333333
V9941003: 4.6
V9941005: 3.53333333333333
V9941007: 4.33333333333333
V9941010: 4.33333333333333
V9941011: 4.06666666666667
V9941012: 4.33333333333333
V9941013: 4.73333333333333
V9941015: 4.73333333333333
V9941022: 4.2
