---
N02200001: 1.5
N02200003: 4.58333333333333
N02200009: 0
N02200011: 2.08333333333333
N02200016: 1.5
N02200020: 3.83333333333333
N02200024: 2.08333333333333
N02200026: 1.41666666666666
N02200028: 1.33333333333334
N02200032: 4.5
N02200040: 4.08333333333333
N02200043: 3.33333333333333
N02200045: 3.33333333333333
N02200049: 0.833333333333335
N02200057: 2.5
N02202102: 2.08333333333333
N03202105: 3.33333333333333
N99200030: 4.08333333333333
