---
N01200047: 0
N03200006: 2.66666666666667
N03200010: 3
N03200011: 3
N03200016: 0
N03200018: 4
N03200034: 2.66666666666667
N03200036: 3
N03203105: 4.33333333333333
N03203201: 3.5
N04200001: 5
N04200003: 4.5
N04200005: 5
N04200010: 4.16666666666667
N04200014: 4.33333333333333
N04200022: 0
N04200025: 0
N04200029: 1.83333333333334
N04200032: 4.5
N04200041: 5
N04200043: 0
N04200045: 5
N04200049: 4.5
N04200051: 4.5
N04200055: 0
N04200057: 0
N04200060: 4
N05202101: 4.33333333333333
N05202103: 5
N05262101: 2.33333333333333
