---
N04200025: 0
N04200057: 0
N01200047: 0
N04200022: 0
N03200016: 0
N04200055: 0
N04200043: 0

N03200006: 4.33333333333333
N03200010: 5
N03200011: 5
N03200018: 3
N03200034: 4.33333333333333
N03200036: 5
N03203105: 3.66666666666667
N03203201: 3
N04200001: 5
N04200003: 5
N04200005: 5
N04200010: 4.33333333333333
N04200014: 3.66666666666667
N04200029: 3.66666666666667
N04200032: 5
N04200041: 5
N04200045: 5
N04200049: 5
N04200051: 5
N04200060: 3
N05202101: 3.66666666666667
N05202103: 5
N05262101: 3.66666666666667
