---
N04202109: 0
N03200001: 0
N03200034: 0
N03200004: 0
N03200022: 0
N03200036: 0
N03200014: 0
N03200006: 0
N03080070: 0

100100100: 4.44444444444444
129129129: 3.55555555555556
N01200048: 3.22222222222222
N02202201: 2.88888888888889
N03200008: 4.44444444444444
N03200010: 4.44444444444444
N03200012: 3.88888888888889
N03200018: 3.22222222222222
N03200025: 3.55555555555556
N03200027: 2.88888888888889
N03200030: 4.44444444444444
N03203103: 2.88888888888889
N03203105: 3.55555555555556
N04202101: 3.88888888888889
N04202105: 3.22222222222222
