---
N02200009: 0

N02200001: 2
N02200003: 4.16666666666667
N02200011: 4.16666666666667
N02200016: 2
N02200020: 2.66666666666667
N02200024: 3.16666666666667
N02200026: 1.83333333333333
N02200028: 1.66666666666667
N02200032: 4
N02200040: 4.16666666666667
N02200043: 1.66666666666667
N02200045: 2.66666666666667
N02200049: 1.66666666666667
N02200057: 2
N02202102: 3.16666666666667
N03202105: 2.66666666666667
N99200030: 3.16666666666667
