---
U0510005: 4.84162105263158
U0510012: 3.21396428571428
U0516005: 4.30909285714286
U0516008: 4.3329
U0516029: 0
U0516044: 0
U0516048: 4.59477857142857
U0517025: 4.35044210526316
U0517046: 4.26147857142857
U0521133: 3.59487857142857
U0521143: 3.97579285714286
U0531113: 4.3329
U0531144: 4.42061052631579
U0531211: 3.78533571428571
U0533003: 0
U0533016: 3.28538571428572
U0534033: 4.50832105263158
U0534047: 4.13993684210526
U0534048: 3.90437142857143
U0542014: 3.92817857142857
U0543040: 4.9995
U0543045: 4.4556947368421
U0557029: 3.77155263157895
U0557037: 4.54340526315789
