---
B02200005: 3.11111111111111
B02200013: 4.11111111111111
B02200017: 4.61111111111111
B02200023: 3.11111111111111
B02200027: 4.66666666666667
B02200031: 3.5
B02200035: 3.72222222222222
B02200039: 4.22222222222222
B02200046: 0
B02200050: 3.22222222222222
B02200054: 0
B02200058: 2.66666666666667
B02200062: 2
B02200066: 3.22222222222222
B02200068: 2.5
B02200072: 2.72222222222222
B02200076: 4.61111111111111
B02200082: 2.5
B02200086: 0
B02200090: 2.66666666666667
B02200094: 3.5
B02200098: 3.72222222222222
B02200102: 4.5
B02200106: 3.61111111111111
