---
B01080096: 2.83333333333333
B01130056: 3.61111111111111
B02200062: 2.5
B02200064: 2.83333333333333
B02200086: 2.5
B02200098: 2.5
B03200005: 3.38888888888889
B03200007: 4.83333333333333
B03200011: 4.66666666666667
B03200015: 3.94444444444445
B03200019: 4.83333333333333
B03200023: 4.44444444444444
B03200027: 3.5
B03200031: 4.44444444444444
B03200037: 4.66666666666667
B03200039: 3.5
B03200043: 3.88888888888889
B03200052: 3.61111111111111
B03200056: 3.88888888888889
B03200064: 3.72222222222222
B03200068: 3.38888888888889
B03200072: 3.11111111111111
B03200078: 4.33333333333333
B03200084: 3
B03200092: 2.88888888888889
B03200100: 2.22222222222222
B03200102: 3.72222222222222
B03200106: 3.38888888888889
B03200110: 0
