---
B03200025: 3.79962
B04200010: 1.16655
B04200022: 1.23321
B06060001: 2.53308
B06200003: 3.69963
B06200008: 3.49965
B06200012: 0
B06200018: 0
B06200024: 3.46632
B06200028: 4.03293
B06200032: 3.93294
B06200038: 3.86628
B06200047: 0
B06200059: 0
B06200064: 4.83285
B06200068: 4.16625
B06200072: 4.6662
B06200078: 0
B07202109: 2.76639
B07202113: 4.4578875
B07202116: 0
