---
B02200054: 0
B02200046: 0
B02200086: 0

B02200005: 3.22222222222222
B02200013: 3.22222222222222
B02200017: 4.22222222222222
B02200023: 3.22222222222222
B02200027: 4.33333333333333
B02200031: 4
B02200035: 4.44444444444444
B02200039: 3.44444444444444
B02200050: 3.44444444444444
B02200058: 4.33333333333333
B02200062: 4
B02200066: 3.44444444444444
B02200068: 4
B02200072: 4.44444444444444
B02200076: 4.22222222222222
B02200082: 4
B02200090: 4.33333333333333
B02200094: 4
B02200098: 4.44444444444444
B02200102: 4
B02200106: 4.22222222222222
