---
B03200110: 0

B01080096: 4.66666666666667
B01130056: 3.22222222222222
B02200062: 4
B02200064: 4.66666666666667
B02200086: 4
B02200098: 4
B03200005: 2.77777777777778
B03200007: 4.66666666666667
B03200011: 4.33333333333333
B03200015: 3.88888888888889
B03200019: 4.66666666666667
B03200023: 3.88888888888889
B03200027: 3
B03200031: 3.88888888888889
B03200037: 4.33333333333333
B03200039: 3
B03200043: 2.77777777777778
B03200052: 3.22222222222222
B03200056: 2.77777777777778
B03200064: 3.44444444444444
B03200068: 2.77777777777778
B03200072: 3.22222222222222
B03200078: 4.66666666666667
B03200084: 3
B03200092: 2.77777777777778
B03200100: 3.44444444444444
B03200102: 3.44444444444444
B03200106: 2.77777777777778
