---
B04202201: 0
B04202204: 0
B05200078: 0
B06080105: 2.4442
B06200005: 3.20538513513513
B06200007: 2.82427894736842
B06200009: 1.5554
B06200011: 2.88709864864865
B06200013: 2.68394210526316
B06200015: 3.18096842105263
B06200019: 3.78909473684211
B06200023: 3.39147368421053
B06200025: 4.25633108108108
B06200027: 1.35658947368421
B06200029: 3.49672631578947
B06200031: 3.14588421052631
B06200035: 3.38855
B06200037: 2.99385263157895
B06200041: 4.29781578947368
B06200043: 2.95292105263158
B06200046: 1.25133684210526
B06200048: 4.7773
B06200052: 1.111
B06200058: 3.92943157894737
B06200061: 3.18096842105263
B06200063: 4.444
B06200067: 3.64227837837838
B06200069: 0
B06200071: 3.69932972972973
B06200073: 2.12259473684211
B06200080: 2.81258421052631
B06200081: 4.10319324324324
B06209101: 0
B06210041: 3.57858947368421
B07202101: 3.35638947368421
B07202102: 1.91793684210526
B07202103: 3.04647894736842
B07202104: 3.19851052631579
B07202107: 2.9997
B07202108: 2.4442
B07202110: 3.333
B07202112: 3.43959594594595
B07202114: 1.8887
B07202117: 4.45901351351351
