---
B04202201: 0
B04202204: 0
B05200078: 0
B06080105: 2.33333333333333
B06200005: 4.33333333333333
B06200007: 3
B06200009: 3.66666666666667
B06200011: 3
B06200013: 3
B06200015: 4.33333333333333
B06200019: 5
B06200023: 4.33333333333333
B06200025: 3
B06200027: 2.33333333333333
B06200029: 4.33333333333333
B06200031: 4.33333333333333
B06200035: 2.66666666666667
B06200037: 4.66666666666667
B06200041: 4
B06200043: 4.33333333333333
B06200046: 2.33333333333333
B06200048: 4.33333333333333
B06200052: 2.33333333333333
B06200058: 5
B06200061: 3.33333333333333
B06200063: 4.33333333333333
B06200067: 2.33333333333333
B06200069: 0
B06200071: 2.66666666666667
B06200073: 4
B06200080: 4.33333333333333
B06200081: 3
B06209101: 0
B06210041: 5
B07202101: 3.33333333333333
B07202102: 4.33333333333333
B07202103: 3.66666666666667
B07202104: 4.33333333333333
B07202107: 5
B07202108: 4.33333333333333
B07202110: 5
B07202112: 4.33333333333333
B07202114: 4.66666666666667
B07202117: 5
