---
B04140028: 0
B04200108: 3
B04202201: 4.38888888888889
B04202204: 0
B05200006: 2.5
B05200012: 4.5
B05200016: 3.83333333333333
B05200019: 5
B05200023: 2.5
B05200027: 4.88888888888889
B05200030: 4.5
B05200033: 0.5
B05200037: 4.5
B05200042: 4.5
B05200047: 0
B05200053: 0
B05200063: 0
B05200065: 3
B05200069: 0
B05200073: 3
B05200077: 2.88888888888889
B05200083: 0
B05200089: 5
B06202103: 3.83333333333333
B06202105: 5
B06202107: 0
