---
B05200033: 0
B04140028: 0
B06202107: 0
B05200047: 0
B05200069: 0
B05200083: 0
B05200063: 0
B05200053: 0
B04202204: 0

B04200108: 4.55555555555556
B04202201: 4.77777777777778
B05200006: 4.55555555555556
B05200012: 5
B05200016: 3.66666666666667
B05200019: 5
B05200023: 4.55555555555556
B05200027: 4.77777777777778
B05200030: 5
B05200037: 5
B05200042: 5
B05200065: 5
B05200073: 5
B05200077: 4.77777777777778
B05200089: 5
B06202103: 3.66666666666667
B06202105: 5
