---
N9661749: 3.05555555555555
V0041002: 4.16666666666667
V0041007: 4.33333333333333
V0041008: 4.27777777777778
V0041009: 3.83333333333333
V0041010: 3.83333333333333
V0041019: 3.66666666666667
V0041030: 4.16666666666667
V0041032: 0
V0041033: 0
V0041035: 3.16666666666667
V0041038: 3.27777777777778
V0041039: 4.16666666666667
V0041040: 3.27777777777778
V0041042: 3.5
V0041044: 0
V0041045: 4.16666666666667
V0041049: 3
V0041050: 4.33333333333333
V0041053: 5
V0041057: 3.66666666666667
V0041067: 0
V0241030: 3.66666666666667
V9741022: 3.66666666666667
V9841025: 2.83333333333333
V9841028: 3.83333333333333
V9841042: 3.16666666666667
V9941001: 0
V9941007: 4.16666666666667
V9941011: 4
V9941012: 4.16666666666667
V9941013: 0
V9941022: 3.66666666666667
V9941023: 4.33333333333333
V9941025: 3.83333333333333
V9941026: 3.33333333333333
V9941027: 5
V9941029: 4.66666666666667
V9941031: 5
V9941036: 4.33333333333333
V9941037: 4.05555555555556
V9941040: 3.5
V9941046: 2.83333333333333
V9941047: 4
V9941049: 4.33333333333333
V9941050: 4.05555555555556
V9941057: 3.5
V9941059: 4.5
V9941067: 4.33333333333333
V9941068: 4.5
V9941069: 3.83333333333333
V9941073: 3.16666666666667
V9941075: 4.5
