---
T9823041: 4.6
V9741044: 4.2
V9741064: 3.4
V9841010: 4.33333333333333
V9841011: 3.93333333333333
V9841022: 5
V9841025: 4.33333333333333
V9841028: 4.6
V9841042: 4.2
V9841049: 4.6
V9941001: 4.33333333333333
V9941007: 5
V9941011: 3.4
V9941012: 4.6
V9941015: 5
V9941022: 3.93333333333333
V9941026: 4.2
V9941027: 4.33333333333333
V9941029: 4.33333333333333
V9941037: 4.33333333333333
V9941040: 4.33333333333333
V9941047: 4.33333333333333
V9941049: 3.93333333333333
V9941050: 4.6
V9941059: 4.33333333333333
V9941067: 3.66666666666667
V9941075: 4.6
