---
V0041044: 0
V9941013: 0
V0041067: 0
V0041033: 0
V9941001: 0
V0041032: 0


N9661749: 4.11111111111111
V0041002: 4.33333333333333
V0041007: 3.66666666666667
V0041008: 4.55555555555556
V0041009: 3.66666666666667
V0041010: 3.66666666666667
V0041019: 4.33333333333333
V0041030: 4.33333333333333
V0041035: 4.33333333333333
V0041038: 4.55555555555556
V0041039: 4.33333333333333
V0041040: 4.55555555555556
V0041042: 3
V0041045: 4.33333333333333
V0041049: 3
V0041050: 3.66666666666667
V0041053: 5
V0041057: 4.33333333333333
V0241030: 4.33333333333333
V9741022: 4.33333333333333
V9841025: 3.66666666666667
V9841028: 3.66666666666667
V9841042: 4.33333333333333
V9941007: 4.33333333333333
V9941011: 5
V9941012: 4.33333333333333
V9941022: 4.33333333333333
V9941023: 3.66666666666667
V9941025: 3.66666666666667
V9941026: 3.66666666666667
V9941027: 5
V9941029: 4.33333333333333
V9941031: 5
V9941036: 3.66666666666667
V9941037: 4.11111111111111
V9941040: 5
V9941046: 3.66666666666667
V9941047: 5
V9941049: 3.66666666666667
V9941050: 4.11111111111111
V9941057: 3
V9941059: 5
V9941067: 3.66666666666667
V9941068: 5
V9941069: 3.66666666666667
V9941073: 4.33333333333333
V9941075: 5
