---
U0031101: 2.5
U0031102: 3.5
U0031103: 3.33333333333333
U0031104: 3
U0031105: 3.16666666666667
U0031106: 3.5
U0031107: 3
U0031108: 4
U0031109: 2.5
U0031110: 4
U0031111: 3.33333333333333
U0031112: 3
U0031113: 2.66666666666667
U0031114: 2.5
U0031115: 3.16666666666667
U0031116: 2.33333333333333
U0031117: 2
U0031118: 3.16666666666667
U0031119: 4.33333333333333
U0031120: 2.5
U0031122: 3.5
U0031123: 3
U0031124: 3
U0031126: 1.5
U0031127: 2.16666666666667
U0031128: 3.5
U0031129: 3
U0031130: 4.33333333333333
U0031131: 3.5
U0031132: 3
U0031133: 3.16666666666667
U0031135: 2.66666666666667
U0031136: 3
U0031138: 3.5
U0031139: 3.5
U0031140: 3.16666666666667
U0031141: 4.33333333333333
U0031142: 2
U0031143: 2
U0031144: 3
U0031145: 3.5
U0031146: 2.5
U0031147: 3
U0031150: 2
U0031205: 3.66666666666667
U9931001: 3
