---
U0031101: 3
U0031102: 3
U0031103: 3.66666666666667
U0031104: 3
U0031105: 3.33333333333333
U0031106: 3
U0031107: 3
U0031108: 3
U0031109: 3
U0031110: 3
U0031111: 3.66666666666667
U0031112: 3
U0031113: 3.33333333333333
U0031114: 3
U0031115: 3.33333333333333
U0031116: 3.66666666666667
U0031117: 3
U0031118: 3.33333333333333
U0031119: 3.66666666666667
U0031120: 3
U0031122: 3
U0031123: 3
U0031124: 3
U0031126: 3
U0031127: 3.33333333333333
U0031128: 3
U0031129: 3
U0031130: 3.66666666666667
U0031131: 3
U0031132: 3
U0031133: 3.33333333333333
U0031135: 3.33333333333333
U0031136: 3
U0031138: 3
U0031139: 3
U0031140: 3.33333333333333
U0031141: 3.66666666666667
U0031142: 3
U0031143: 3
U0031144: 3
U0031145: 3
U0031146: 3
U0031147: 3
U0031150: 3
U0031205: 3.33333333333333
U9931001: 3
