---
B00200054: 4.33333333333333
N00082007: 4.33333333333333
N01200008: 3
N01200009: 3.33333333333333
N01200018: 3.33333333333333
N01200021: 4.66666666666667
N01200023: 3.33333333333333
N01200024: 4.33333333333333
N01200025: 3
N01200029: 3.33333333333333
N01200033: 4.33333333333333
N01200035: 4
N01200038: 4.33333333333333
N01200041: 4
N01200051: 3.33333333333333
N01200056: 4
N02202101: 4.66666666666667
N02202106: 4
N02202110: 4
N02202112: 4.66666666666667
N02202113: 3
N02202114: 4.33333333333333
N97120058: 4
N97200033: 4
N99080092: 4
