---
B00200101: 0
B01203102: 4.17647058823529
B01203103: 4.52941176470588
B02200003: 3
B02200012: 5
B02200014: 3
B02200025: 4.17647058823529
B02200030: 0
B02200031: 3
B02200043: 3.58823529411765
B02200047: 3.58823529411765
B02200052: 3.23529411764706
B02200061: 0
B02200064: 3.35294117647059
B02200066: 3
B02200067: 3.82352941176471
B02200069: 3.23529411764706
B02200084: 3.35294117647059
B02200088: 3.47058823529412
B02200093: 4.64705882352941
B02200098: 4.76470588235294
B02200106: 3
B02202201: 3
B02202202: 3
B02202203: 0
B99020001: 3
B99020078: 3
