---
N00200001: 5
N00200008: 3.75912733748887
N00200009: 4.06099732858415
N00200017: 4.76090828138913
N00200025: 4.6046304541407
N00200029: 4.09572573463936
N00200030: 4.66073018699911
N00200031: 0
N00200034: 3.8472840605521
N00200036: 3.59216384683883
N00200037: 4.36687444345503
N00200042: 3.93677649154051
N00200043: 3.85529830810329
N00200051: 0
N00200054: 1
N00200055: 4.44701691896705
N00200056: 3.76580587711487
N00203002: 3.79652715939448
N01202001: 4.43900267141585
N01202004: 4.48975957257346
N01203003: 3.94211932324132
N02202113: 4.11976847729296
N96200030: 3.5
