---
B00200101: 0
B01203102: 58.8235294117647
B01203103: 76.4705882352941
B02200003: 0
B02200012: 100
B02200014: 0
B02200025: 58.8235294117647
B02200030: 0
B02200031: 0
B02200043: 29.4117647058824
B02200047: 29.4117647058824
B02200052: 11.7647058823529
B02200061: 0
B02200064: 17.6470588235294
B02200066: 0
B02200067: 41.1764705882353
B02200069: 11.7647058823529
B02200084: 17.6470588235294
B02200088: 23.5294117647059
B02200093: 82.3529411764706
B02200098: 88.2352941176471
B02200106: 0
B02202201: 0
B02202202: 0
B02202203: 0
B99020001: 0
B99020078: 0
