---
N00200001: 100
N00200008: 81.9607843137255
N00200009: 97.6470588235294
N00200017: 85.0980392156863
N00200025: 92.156862745098
N00200029: 67.0588235294118
N00200030: 96.078431372549
N00200031: 72.5490196078431
N00200034: 87.4509803921569
N00200036: 74.1176470588235
N00200037: 87.4509803921569
N00200042: 84.3137254901961
N00200043: 73.3333333333333
N00200051: 78.0392156862745
N00200054: 93.7254901960784
N00200055: 66.2745098039216
N00200056: 99.2156862745098
N00203002: 0
N01202001: 81.1764705882353
N01202004: 89.0196078431373
N01203003: 77.2549019607843
N02202113: 0
N96200030: 60
