---
T9822043: 4
U9711114: 0
U9817051: 4
U9818019: 5
U9818039: 0
U9818048: 5
U9821130: 3.36666666666666
U9931043: 4
U9931134: 5
U9931148: 4.86666666666667
V9741064: 4.36666666666667
