---
T9822043: 5
U9817051: 5
U9818019: 5
U9818048: 5
U9821130: 4.73333333333333
U9931043: 5
U9931134: 5
U9931148: 4.73333333333333
V9741064: 4.73333333333333
