---
N9561732: 3.35185185185185
N9661712: 3.69444444444444
N9661752: 3.09259259259259
V9724004: 3.13888888888889
V9741010: 3.32407407407407
V9741016: 3.41666666666667
V9741023: 3.35185185185185
V9741025: 2.49074074074074
V9741028: 4.25
V9741029: 3.12037037037037
V9741030: 3.53703703703704
V9741032: 2.39814814814815
V9741034: 3.27777777777778
V9741036: 3.53703703703704
V9741041: 3.87962962962963
V9741043: 3.23148148148148
V9741047: 2.56481481481481
V9741053: 2.7037037037037
V9741057: 3.12037037037037
V9741059: 3.50925925925926
V9741060: 2.67592592592593
V9741066: 3.07407407407407
