---
V0041002: 5
V0041007: 2.21296296296296
V0041009: 2.69444444444445
V0041012: 2.67592592592592
V0041015: 4.44444444444444
V0041019: 2.64814814814815
V0041030: 4.25
V0041035: 3.13888888888889
V0041036: 2.95370370370371
V0041038: 3.78703703703703
V0041039: 4.25
V0041040: 3.48148148148148
V0041042: 0
V0041044: 3.21296296296296
V0041047: 4.44444444444444
V0041049: 2.77777777777778
V0041052: 4.23148148148148
V0041057: 2.49074074074074
V0041058: 2.84259259259259
V0041064: 3.62962962962963
V0141042: 4.01851851851852
V0141062: 4.31481481481481
V0141063: 3.5
V9741022: 3.29629629629629
V9841071: 2.41666666666667
V9941001: 3.74074074074074
V9941014: 2.96296296296296
V9941028: 3.7037037037037
V9941031: 4.5
V9941036: 3.12962962962963
V9941040: 3.72222222222222
V9941057: 0
V9941065: 0
V9941071: 3.29629629629629
V9941075: 3.12962962962963
V9941076: 4.2962962962963
