---
V9941057: 0
V9941065: 0
V0041042: 0

V0041002: 5
V0041007: 3.5
V0041009: 3.16666666666667
V0041012: 3.5
V0041015: 5
V0041019: 2.33333333333333
V0041030: 3.5
V0041035: 3.5
V0041036: 3.5
V0041038: 3.5
V0041039: 3.5
V0041040: 2.33333333333333
V0041044: 3.83333333333333
V0041047: 5
V0041049: 3.33333333333333
V0041052: 3.83333333333333
V0041057: 3.5
V0041058: 3.83333333333333
V0041064: 3
V0141042: 4.33333333333333
V0141062: 4
V0141063: 2
V9741022: 2.33333333333333
V9841071: 3.16666666666667
V9941001: 4.33333333333333
V9941014: 3.33333333333333
V9941028: 3.33333333333333
V9941031: 4
V9941036: 2
V9941040: 3
V9941071: 4
V9941075: 2
V9941076: 4.33333333333333
