---
V0041002: 5
V0041007: 0.925925925925926
V0041009: 2.22222222222222
V0041012: 1.85185185185185
V0041015: 3.88888888888889
V0041019: 2.96296296296296
V0041030: 5
V0041035: 2.77777777777778
V0041036: 2.40740740740741
V0041038: 4.07407407407407
V0041039: 5
V0041040: 4.62962962962963
V0041042: 0
V0041044: 2.59259259259259
V0041047: 3.88888888888889
V0041049: 2.22222222222222
V0041052: 4.62962962962963
V0041057: 1.48148148148148
V0041058: 1.85185185185185
V0041064: 4.25925925925926
V0141042: 3.7037037037037
V0141062: 4.62962962962963
V0141063: 5
V9741022: 4.25925925925926
V9841071: 1.66666666666667
V9941001: 3.14814814814815
V9941014: 2.59259259259259
V9941028: 4.07407407407407
V9941031: 5
V9941036: 4.25925925925926
V9941040: 4.44444444444444
V9941057: 0
V9941065: 0
V9941071: 2.59259259259259
V9941075: 4.25925925925926
V9941076: 4.25925925925926
