---
U0010040: 4.43333333333334
U0131020: 3.6
U0131034: 4.43333333333334
U0214036: 4.6
U9816041: 4.1
U9933028: 4.43333333333334
