---
N00202003: 2.61111111111111
N00202103: 3.83333333333333
N96200019: 3
N97080093: 4.94444444444444
N99200002: 4.94444444444444
N99200004: 3.55555555555555
N99200005: 3.94444444444445
N99200007: 2
N99200008: 3.44444444444445
N99200009: 3.38888888888889
N99200010: 4
N99200011: 3.5
N99200012: 3.83333333333333
N99200013: 3.5
N99200014: 3.94444444444445
N99200016: 2.55555555555555
N99200019: 2.55555555555555
N99200020: 3.5
N99200021: 4
N99200022: 4
N99200023: 4.11111111111111
N99200024: 4.94444444444444
N99200025: 3.88888888888889
N99200027: 3.94444444444445
N99200028: 3.5
N99200030: 2.55555555555555
N99200032: 4.11111111111111
N99200033: 4
N99200035: 2.55555555555555
N99200036: 4
N99200039: 2.44444444444445
N99200041: 3.88888888888889
N99200045: 4.44444444444444
N99200047: 4.05555555555556
N99200050: 3.5
N99200051: 2.83333333333333
