---
B02200005: 3.55555555555555
B02200013: 4.5
B02200017: 2.5
B02200023: 4.11111111111111
B02200027: 3.88888888888889
B02200031: 3.33333333333333
B02200035: 2.61111111111111
B02200039: 0
B02200046: 0
B02200050: 3.83333333333333
B02200054: 0
B02200058: 4.88888888888889
B02200062: 0
B02200066: 0
B02200068: 2.11111111111111
B02200072: 2.27777777777778
B02200076: 4.5
B02200082: 4.38888888888889
B02200086: 2.5
B02200090: 1.83333333333334
B02200094: 0
B02200098: 0
B02200102: 4.05555555555556
B02200106: 3.05555555555555
