---
B01080096: 4.33333333333333
B01130056: 0
B02200062: 3.61111111111111
B02200064: 2.16666666666667
B02200086: 3.61111111111111
B02200098: 0
B03200005: 4.11111111111111
B03200007: 5
B03200011: 4.11111111111111
B03200015: 4.5
B03200019: 4.38888888888889
B03200023: 0
B03200027: 0
B03200031: 3.94444444444445
B03200037: 4.44444444444444
B03200039: 4.38888888888889
B03200043: 2.27777777777778
B03200052: 4.5
B03200056: 2.27777777777778
B03200064: 4.27777777777778
B03200068: 0
B03200072: 0
B03200078: 2.16666666666667
B03200084: 4.61111111111111
B03200092: 3.94444444444445
B03200100: 0
B03200102: 4.33333333333333
B03200106: 4.88888888888889
B03200110: 0
