---
B03200027: 0
B03200068: 0
B03200072: 0
B03200100: 0
B01130056: 0
B03200110: 0
B03200023: 0
B02200098: 0





B01080096: 3.66666666666667
B02200062: 4.22222222222222
B02200064: 4.33333333333333
B02200086: 4.22222222222222
B03200005: 4.22222222222222
B03200007: 5
B03200011: 4.22222222222222
B03200015: 5
B03200019: 4.77777777777778
B03200031: 3.88888888888889
B03200037: 3.88888888888889
B03200039: 4.77777777777778
B03200043: 3.55555555555556
B03200052: 5
B03200056: 3.55555555555556
B03200064: 3.55555555555556
B03200078: 4.33333333333333
B03200084: 4.22222222222222
B03200092: 3.88888888888889
B03200102: 3.66666666666667
B03200106: 4.77777777777778
