---
B03200025: 5
B04200010: 4.33333333333333
B04200022: 5
B06060001: 5
B06200003: 4.66666666666667
B06200008: 4
B06200012: 4.66666666666667
B06200018: 2.66666666666667
B06200024: 4
B06200028: 4.33333333333333
B06200032: 5
B06200038: 5
B06200047: 5
B06200059: 4.66666666666667
B06200064: 4.33333333333333
B06200068: 2.66666666666667
B06200072: 4.33333333333333
B06200078: 3.66666666666667
B07202109: 3.66666666666667
B07202113: 4.66666666666667
B07202116: 0
