---
B02200039: 0
B02200098: 0
B02200062: 0
B02200086: 0
B02200094: 0
B02200066: 0
B02200046: 0
B02200054: 0

B02200005: 3.11111111111111
B02200013: 4
B02200017: 4
B02200023: 4.22222222222222
B02200027: 4.77777777777778
B02200031: 3.66666666666667
B02200035: 4.22222222222222
B02200039: 3.22222222222222
B02200050: 3.66666666666667
B02200058: 4.77777777777778
B02200068: 4.22222222222222
B02200072: 3.55555555555556
B02200076: 4
B02200082: 4.77777777777778
B02200090: 3.66666666666667
B02200102: 3.11111111111111
B02200106: 3.11111111111111
