---
exercise: all
grade:
  B03200025: 0.333333333333333
  B04200010: 0
  B04200022: 0
  B06060001: 0
  B06200003: 1.33333333333333
  B06200008: 1.33333333333333
  B06200012: 0
  B06200018: 3
  B06200024: 0
  B06200028: 4
  B06200032: 2.33333333333333
  B06200038: 2.33333333333333
  B06200047: 2.33333333333333
  B06200059: 0.666666666666667
  B06200064: 0
  B06200068: 4
  B06200072: 1.33333333333333
  B06200078: 0.666666666666667
  B07202109: 0
  B07202113: 5
  B07202116: 0
points:
  B03200025:
    answer: 0
    question: 0
    try: 1
  B04200010:
    answer: 0
    question: 0
    try: 0
  B04200022:
    answer: 0
    question: 0
    try: 0
  B06060001:
    answer: 0
    question: 0
    try: 0
  B06200003:
    answer: 0
    question: 0
    try: 4
  B06200008:
    answer: 0
    question: 0
    try: 4
  B06200012:
    answer: 0
    question: 0
    try: 0
  B06200018:
    answer: 0
    question: 1
    try: 7
  B06200024:
    answer: 0
    question: 0
    try: 0
  B06200028:
    answer: 0
    question: 2
    try: 8
  B06200032:
    answer: 0
    question: 1
    try: 5
  B06200038:
    answer: 0
    question: 0
    try: 7
  B06200047:
    answer: 0
    question: 2
    try: 3
  B06200059:
    answer: 0
    question: 0
    try: 2
  B06200064:
    answer: 0
    question: 0
    try: 0
  B06200068:
    answer: 0
    question: 0
    try: 12
  B06200072:
    answer: 0
    question: 0
    try: 4
  B06200078:
    answer: 0
    question: 0
    try: 2
  B07202109:
    answer: 0
    question: 0
    try: 0
  B07202113:
    answer: 0
    question: 1
    try: 11
  B07202116:
    answer: 0
    question: 0
    try: 0
report: |+
  correct: 0
  grammatical: 2
  try: 1
  Player     Question Grammatical Answers   Total     Grade
  B03200025      1        0         0         1        0.3
  B04200010      0        0         0         0        0.0
  B04200022      0        0         0         0        0.0
  B06060001      0        0         0         0        0.0
  B06200003      4        0         0         4        1.3
  B06200008      4        0         0         4        1.3
  B06200012      0        0         0         0        0.0
  B06200018      7        1         0         9        3.0
  B06200024      0        0         0         0        0.0
  B06200028      8        2         0        12        4.0
  B06200032      5        1         0         7        2.3
  B06200038      7        0         0         7        2.3
  B06200047      3        2         0         7        2.3
  B06200059      2        0         0         2        0.7
  B06200064      0        0         0         0        0.0
  B06200068     12        0         0        12        4.0
  B06200072      4        0         0         4        1.3
  B06200078      2        0         0         2        0.7
  B07202109      0        0         0         0        0.0
  B07202113     11        1         0        13        5.0
  B07202116      0        0         0         0        0.0
  Class Totals
             Question Grammatical Answers   Total     Grade
                70          7         0        84      2.2
---
B03200025: 0.333333333333333
B04200010: 0
B04200022: 0
B06060001: 0
B06200003: 1.33333333333333
B06200008: 1.33333333333333
B06200012: 0
B06200018: 3
B06200024: 0
B06200028: 4
B06200032: 2.33333333333333
B06200038: 2.33333333333333
B06200047: 2.33333333333333
B06200059: 5
B06200064: 0
B06200068: 4
B06200072: 1.33333333333333
B06200078: 0.666666666666667
B07202109: 0
B07202113: 5
B07202116: 0
