---
V0141058: 0

V0041022: 3.33333333333333
V0141002: 3.33333333333333
V0141006: 3
V0141009: 3.5
V0141012: 3.66666666666667
V0141017: 4.16666666666667
V0141019: 3.5
V0141022: 3.66666666666667
V0141025: 3.5
V0141028: 4.33333333333333
V0141035: 4.33333333333333
V0141037: 3
V0141041: 3
V0141042: 3.66666666666667
V0141048: 3.33333333333333
V0141050: 3.33333333333333
V0141052: 4.16666666666667
V0141054: 3.33333333333333
V0141060: 4.33333333333333
V9941077: 4.16666666666667
