---
V0041002: 4.41666666666667
V0041007: 3.07407407407408
V0041009: 3.5925925925926
V0041012: 2.94444444444445
V0041015: 3.96296296296297
V0041019: 3.41666666666667
V0041030: 3.62037037037037
V0041035: 3.66666666666667
V0041036: 3.32407407407408
V0041038: 4.32407407407407
V0041039: 4.22222222222222
V0041040: 3.15740740740741
V0041042: 3.66666666666667
V0041044: 0
V0041047: 3.67592592592592
V0041049: 2.79629629629629
V0041052: 4.1574074074074
V0041057: 3.3425925925926
V0041058: 0
V0041064: 4.31481481481481
V0141042: 3.75
V0141062: 4.14814814814815
V0141063: 4.5
V9741022: 3.75925925925926
V9841071: 2.93518518518519
V9941001: 3.87962962962963
V9941014: 3.39814814814815
V9941028: 4.12962962962963
V9941031: 3.60185185185185
V9941036: 4.04629629629629
V9941040: 4.14814814814815
V9941057: 3.48148148148148
V9941065: 3.84259259259259
V9941071: 3.66666666666667
V9941075: 3.72222222222222
V9941076: 4.12037037037037
