---
V0041058: 0
V0041044: 0

V0041002: 3.83333333333333
V0041007: 3
V0041009: 3.66666666666667
V0041012: 3.66666666666667
V0041015: 3.66666666666667
V0041019: 3.5
V0041030: 3.16666666666667
V0041035: 4
V0041036: 3.5
V0041038: 3.83333333333333
V0041039: 4
V0041040: 3.16666666666667
V0041042: 4
V0041047: 3.83333333333333
V0041049: 3
V0041052: 3.5
V0041057: 3.16666666666667
V0041064: 4
V0141042: 4.16666666666667
V0141062: 3.66666666666667
V0141063: 4
V9741022: 4
V9841071: 3.83333333333333
V9941001: 3.5
V9941014: 3.83333333333333
V9941028: 4
V9941031: 3.5
V9941036: 3.83333333333333
V9941040: 3.66666666666667
V9941057: 4
V9941065: 4.16666666666667
V9941071: 4
V9941075: 3
V9941076: 4.16666666666667
