---
V0041002: 5
V0041007: 3.14814814814815
V0041009: 3.51851851851852
V0041012: 2.22222222222222
V0041015: 4.25925925925926
V0041019: 3.33333333333333
V0041030: 4.07407407407407
V0041035: 3.33333333333333
V0041036: 3.14814814814815
V0041038: 4.81481481481481
V0041039: 4.44444444444444
V0041040: 3.14814814814815
V0041042: 3.33333333333333
V0041044: 0
V0041047: 3.51851851851852
V0041049: 2.59259259259259
V0041052: 4.81481481481481
V0041057: 3.51851851851852
V0041058: 0
V0041064: 4.62962962962963
V0141042: 3.33333333333333
V0141062: 4.62962962962963
V0141063: 5
V9741022: 3.51851851851852
V9841071: 2.03703703703704
V9941001: 4.25925925925926
V9941014: 2.96296296296296
V9941028: 4.25925925925926
V9941031: 3.7037037037037
V9941036: 4.25925925925926
V9941040: 4.62962962962963
V9941057: 2.96296296296296
V9941065: 3.51851851851852
V9941071: 3.33333333333333
V9941075: 4.44444444444444
V9941076: 4.07407407407407
