---
U9816024: 3.53333333333333
U9933001: 4.2
U9933003: 4.6
U9933005: 2.33333333333333
U9933006: 4.6
U9933008: 3.8
U9933010: 3.8
U9933011: 3.53333333333333
U9933017: 3.66666666666667
U9933020: 2.73333333333333
U9933022: 2.33333333333333
U9933023: 3.8
U9933024: 3.93333333333333
U9933025: 3.66666666666667
U9933026: 4.33333333333333
U9933027: 4.6
U9933029: 3.8
U9933030: 4.33333333333333
U9933031: 3.93333333333333
U9933033: 3.13333333333333
U9933037: 4.33333333333333
U9933038: 3.93333333333333
U9933039: 3.13333333333333
U9933041: 3.26666666666667
U9933043: 3.8
U9933044: 3.8
U9933045: 3.66666666666667
U9933107: 3.8
U9933108: 3.8
U9933109: 2.73333333333333
U9933112: 2.33333333333333
U9933116: 3.8
U9933126: 3.26666666666667
U9933136: 3.53333333333333
U9933138: 3.26666666666667
U9933139: 2.73333333333333
U9933143: 3.13333333333333
