---
V0016058: 0
V0041005: 4
V0041012: 3.5
V0041015: 5
V0041046: 0
V0041047: 4
V0041055: 4.5
V0041058: 4.5
V0041062: 4.5
V0041064: 0
V0041066: 5
V0141002: 1.5
V0141003: 5
V0141008: 2.5
V0141009: 4.5
V0141011: 2
V0141012: 5
V0141016: 4.5
V0141017: 5
V0141018: 4.5
V0141021: 5
V0141022: 5
V0141023: 0
V0141025: 4
V0141026: 1.5
V0141028: 5
V0141029: 3.83333333333333
V0141035: 2.5
V0141036: 4.5
V0141037: 4
V0141038: 0
V0141041: 4.5
V0141046: 2.5
V0141048: 4.66666666666667
V0141049: 4.16666666666667
V0141050: 4.33333333333333
V0141052: 4.5
V0141053: 4.66666666666667
V0141054: 0
V0141055: 4.5
V0141058: 3.5
V0141059: 5
V0141060: 4.5
V0141061: 4.16666666666667
V0141064: 4
V9741022: 4
V9941014: 4.16666666666667
V9941060: 2
V9941065: 4.5
V9941075: 5
V9941076: 4.66666666666667
