---
V0141038: 0
V0016058: 0
V0141023: 0
V0041064: 0
V0141054: 0
V0041046: 0

V0041005: 4
V0041012: 3
V0041015: 5
V0041047: 4
V0041055: 5
V0041058: 5
V0041062: 5
V0041066: 5
V0141002: 3
V0141003: 5
V0141008: 5
V0141009: 4
V0141011: 4
V0141012: 5
V0141016: 5
V0141017: 5
V0141018: 5
V0141021: 5
V0141022: 5
V0141025: 4
V0141026: 3
V0141028: 5
V0141029: 3.66666666666667
V0141035: 5
V0141036: 5
V0141037: 4
V0141041: 5
V0141046: 5
V0141048: 4.33333333333333
V0141049: 4.33333333333333
V0141050: 3.66666666666667
V0141052: 5
V0141053: 4.33333333333333
V0141055: 4
V0141058: 3
V0141059: 5
V0141060: 4
V0141061: 4.33333333333333
V0141064: 4
V9741022: 3
V9941014: 4.33333333333333
V9941060: 3
V9941065: 4
V9941075: 5
V9941076: 4.33333333333333
