---
U0143020: 49.1271428571429
V0241017: 67.1442857142857
V0341010: 57.6985714285714
V0341012: 74.6028571428571
V0341016: 89.3657142857143
V0341022: 82.8571428571428
V0341025: 71.27
V0341031: 64.4442857142857
V0341034: 79.9214285714286
V0341036: 92.1428571428571
V0341039: 79.5242857142857
V0341051: 71.9842857142857
