---
V0241008: 55.6116666666667
V0341001: 76.7783333333333
V0341005: 91.1116666666667
V0341011: 90.555
V0341015: 63.8883333333333
V0341019: 73.8883333333333
V0341024: 92.2216666666667
V0341027: 88.3883333333333
V0341033: 90
V0341035: 89.445
V0341037: 72.8333333333333
V0341044: 62.8333333333333
V0341052: 83.3333333333333
