---
N9561732: 3.23148148148148
N9661712: 3.41666666666667
N9661752: 3.41666666666667
U9616041: 0
V9724004: 2.93518518518518
V9741010: 2.67592592592593
V9741016: 3.50925925925926
V9741023: 3.13888888888889
V9741025: 2.49074074074074
V9741028: 3.52777777777778
V9741029: 3.15740740740741
V9741030: 2.7962962962963
V9741032: 2.85185185185185
V9741034: 4.32407407407407
V9741036: 3.07407407407407
V9741041: 2.87962962962963
V9741043: 3.87037037037037
V9741047: 2.86111111111111
V9741053: 3.69444444444444
V9741057: 2.9537037037037
V9741059: 3.22222222222222
V9741060: 2.67592592592593
V9741066: 3.86111111111111
