---
V0041002: 4.32407407407407
V0041007: 2.86111111111111
V0041009: 3.97222222222222
V0041012: 2.94444444444445
V0041015: 2.94444444444445
V0041019: 3.39814814814815
V0041028: 0
V0041030: 4.6574074074074
V0041035: 3.93518518518518
V0041036: 3.23148148148148
V0041038: 3.63888888888888
V0041039: 4.56481481481481
V0041040: 2.71296296296296
V0041042: 3.17592592592592
V0041044: 3.37962962962963
V0041047: 3.65740740740741
V0041049: 2.67592592592592
V0041052: 4.21296296296297
V0041057: 3.49074074074074
V0041058: 1.60185185185185
V0041064: 4.37962962962963
V0141042: 3.76851851851851
V0141062: 3.91666666666667
V0141063: 2.87962962962963
V9741022: 3.97222222222222
V9841071: 2.93518518518519
V9941001: 3.82407407407408
V9941014: 2.99074074074074
V9941028: 3.86111111111111
V9941031: 2.78703703703703
V9941036: 3.87962962962963
V9941040: 4.58333333333333
V9941057: 4.10185185185185
V9941065: 3.84259259259259
V9941071: 4.19444444444444
V9941075: 3.96296296296297
V9941076: 2.32407407407408
