---
V0041028: 0

V0041002: 3.83333333333333
V0041007: 3.5
V0041009: 3.5
V0041012: 3.66666666666667
V0041015: 3.66666666666667
V0041019: 3.83333333333333
V0041030: 4.5
V0041035: 4.16666666666667
V0041036: 3.5
V0041038: 2.83333333333333
V0041039: 4.5
V0041040: 2.83333333333333
V0041042: 2.83333333333333
V0041044: 4.16666666666667
V0041047: 4.16666666666667
V0041049: 3.5
V0041052: 4.16666666666667
V0041057: 3.83333333333333
V0041058: 2.83333333333333
V0041064: 4.5
V0141042: 3.83333333333333
V0141062: 2.83333333333333
V0141063: 1.5
V9741022: 3.5
V9841071: 3.83333333333333
V9941001: 4.5
V9941014: 2.83333333333333
V9941028: 3.83333333333333
V9941031: 1.5
V9941036: 3.5
V9941040: 4.16666666666667
V9941057: 4.5
V9941065: 4.16666666666667
V9941071: 4.5
V9941075: 3.66666666666667
V9941076: 1.5
