---
N9561732: 3.5
N9661712: 3.5
N9661752: 3.5
V9724004: 3.83333333333333
V9741010: 3.5
V9741016: 3.5
V9741023: 3.5
V9741025: 3.5
V9741028: 3.16666666666667
V9741029: 3.16666666666667
V9741030: 3
V9741032: 3.66666666666667
V9741034: 3.83333333333333
V9741036: 3
V9741041: 3.16666666666667
V9741043: 3.66666666666667
V9741047: 3.5
V9741053: 3.5
V9741057: 3.5
V9741059: 3.66666666666667
V9741060: 3.5
V9741066: 3.83333333333333
