---
N9561732: 2.96296296296296
N9661712: 3.33333333333333
N9661752: 3.33333333333333
U9616041: 0
V9724004: 2.03703703703704
V9741010: 1.85185185185185
V9741016: 3.51851851851852
V9741023: 2.77777777777778
V9741025: 1.48148148148148
V9741028: 3.88888888888889
V9741029: 3.14814814814815
V9741030: 2.59259259259259
V9741032: 2.03703703703704
V9741034: 4.81481481481481
V9741036: 3.14814814814815
V9741041: 2.59259259259259
V9741043: 4.07407407407407
V9741047: 2.22222222222222
V9741053: 3.88888888888889
V9741057: 2.40740740740741
V9741059: 2.77777777777778
V9741060: 1.85185185185185
V9741066: 3.88888888888889
