---
V0041002: 4.81481481481481
V0041007: 2.22222222222222
V0041009: 4.44444444444444
V0041012: 2.22222222222222
V0041015: 2.22222222222222
V0041019: 2.96296296296296
V0041028: 0
V0041030: 4.81481481481481
V0041035: 3.7037037037037
V0041036: 2.96296296296296
V0041038: 4.44444444444444
V0041039: 4.62962962962963
V0041040: 2.59259259259259
V0041042: 3.51851851851852
V0041044: 2.59259259259259
V0041047: 3.14814814814815
V0041049: 1.85185185185185
V0041052: 4.25925925925926
V0041057: 3.14814814814815
V0041058: 0.37037037037037
V0041064: 4.25925925925926
V0141042: 3.7037037037037
V0141062: 5
V0141063: 4.25925925925926
V9741022: 4.44444444444444
V9841071: 2.03703703703704
V9941001: 3.14814814814815
V9941014: 3.14814814814815
V9941028: 3.88888888888889
V9941031: 4.07407407407407
V9941036: 4.25925925925926
V9941040: 5
V9941057: 3.7037037037037
V9941065: 3.51851851851852
V9941071: 3.88888888888889
V9941075: 4.25925925925926
V9941076: 3.14814814814815
