---
B00170085: 4.25
B00200016: 2.25
B01200001: 2.75
B01200002: 4
B01200003: 3.5
B01200006: 3.5
B01200008: 4.16666666666667
B01200012: 0
B01200014: 3.75
B01200016: 4
B01200018: 4
B01200020: 4.25
B01200022: 4
B01200024: 2.75
B01200026: 4.66666666666667
B01200028: 4.25
B01200030: 4
B01200032: 3.83333333333333
B01200034: 3.5
B01200036: 4
B01200038: 3.75
B01200040: 4.5
B01200042: 4.75
B01200045: 3
B01200047: 3.16666666666667
B01200049: 2.75
B01200051: 3.66666666666667
B01200053: 2.25
B01200055: 3.83333333333333
B01200057: 3.5
B01200059: 4.33333333333333
B01200061: 4.5
B01200063: 4.75
B01200065: 4.75
B01200067: 4.25
B01200069: 3.5
B01200071: 3
B01200073: 4.5
B01200075: 3
B01200077: 4
B01200081: 4.5
B01200083: 4.25
B01200085: 3.75
B01200089: 4.75
B01200093: 3.66666666666667
B01200095: 3.66666666666667
B01200097: 3.5
B01200101: 3.66666666666667
B01200103: 2.33333333333333
B01200107: 4.25
B01200113: 3.16666666666667
B01200115: 2.75
B02202101: 3.5
B02202104: 4.33333333333333
B02202106: 3.66666666666667
B98200021: 3.75
B99100040: 4.33333333333333
B99110055: 2.83333333333333
B99200063: 2.33333333333333
