---
B01200012: 0

B00170085: 4.5
B00200016: 4.5
B01200001: 2.5
B01200002: 3
B01200003: 4
B01200006: 4
B01200008: 4.33333333333333
B01200014: 4.5
B01200016: 3
B01200018: 5
B01200020: 4.5
B01200022: 4
B01200024: 2.5
B01200026: 4.33333333333333
B01200028: 4.5
B01200030: 3
B01200032: 4.66666666666667
B01200034: 4
B01200036: 4
B01200038: 4.5
B01200040: 5
B01200042: 4.5
B01200045: 3
B01200047: 3.33333333333333
B01200049: 4.5
B01200051: 4.33333333333333
B01200053: 2.5
B01200055: 4.66666666666667
B01200057: 4
B01200059: 4.66666666666667
B01200061: 5
B01200063: 4.5
B01200065: 4.5
B01200067: 4.5
B01200069: 4
B01200071: 3
B01200073: 5
B01200075: 3
B01200077: 5
B01200081: 5
B01200083: 4.5
B01200085: 4.5
B01200089: 4.5
B01200093: 4.33333333333333
B01200095: 4.33333333333333
B01200097: 4
B01200101: 4.33333333333333
B01200103: 1.66666666666667
B01200107: 4.5
B01200113: 3.33333333333333
B01200115: 4.5
B02202101: 4
B02202104: 4.66666666666667
B02202106: 3.33333333333333
B98200021: 4.5
B99100040: 4.66666666666667
B99110055: 1.66666666666667
B99200063: 4.66666666666667
