---
U0131117: 4.18518518518519
U0143010: 3.51851851851851
U0143020: 4.37037037037037
V0041008: 3.04629629629629
V0041042: 4.12962962962963
V0041046: 3.47222222222222
V0041062: 2.51851851851852
V0041066: 4.22222222222222
V0141001: 3.81481481481481
V0141002: 3.53703703703703
V0141003: 3.79629629629629
V0141008: 3.32407407407408
V0141009: 3.33333333333333
V0141011: 3.47222222222222
V0141012: 3.64814814814815
V0141016: 3.72222222222222
V0141017: 4.10185185185185
V0141018: 3.44444444444445
V0141019: 3.66666666666667
V0141021: 2.87037037037037
V0141022: 3.91666666666667
V0141023: 3.24074074074074
V0141025: 2.83333333333333
V0141026: 3.41666666666667
V0141029: 3.79629629629629
V0141035: 3.61111111111111
V0141036: 3.05555555555555
V0141037: 4.81481481481481
V0141038: 3.54629629629629
V0141041: 3.38888888888889
V0141046: 3.66666666666667
V0141048: 4.22222222222222
V0141049: 3.35185185185185
V0141051: 2.68518518518519
V0141052: 4.01851851851852
V0141053: 4.81481481481481
V0141054: 3.62962962962963
V0141055: 3.85185185185185
V0141059: 4.27777777777778
V0141060: 3.81481481481481
V0141061: 3.24074074074074
V0141064: 3.75925925925926
V0241045: 2.98148148148148
V0241046: 3.10185185185185
