---
U0131117: 4.66666666666667
U0143010: 3.33333333333333
U0143020: 4.66666666666667
V0041008: 3.5
V0041042: 4
V0041046: 4.16666666666667
V0041062: 3
V0041066: 4
V0141001: 4.66666666666667
V0141002: 3
V0141003: 5
V0141008: 3.5
V0141009: 3.33333333333333
V0141011: 4.16666666666667
V0141012: 4.33333333333333
V0141016: 4.66666666666667
V0141017: 4.5
V0141018: 3
V0141019: 4
V0141021: 3.33333333333333
V0141022: 4.5
V0141023: 3.33333333333333
V0141025: 4
V0141026: 3.5
V0141029: 3.33333333333333
V0141035: 3.33333333333333
V0141036: 3.33333333333333
V0141037: 5
V0141038: 4.5
V0141041: 4
V0141046: 4
V0141048: 4
V0141049: 3
V0141051: 3.33333333333333
V0141052: 4.33333333333333
V0141053: 5
V0141054: 4.66666666666667
V0141055: 4
V0141059: 4.66666666666667
V0141060: 3
V0141061: 3.33333333333333
V0141064: 4
V0241045: 3
V0241046: 4.16666666666667
