---
U0131117: 3.7037037037037
U0143010: 3.7037037037037
U0143020: 4.07407407407407
V0041008: 2.59259259259259
V0041042: 4.25925925925926
V0041046: 2.77777777777778
V0041062: 2.03703703703704
V0041066: 4.44444444444444
V0141001: 2.96296296296296
V0141002: 4.07407407407407
V0141003: 2.59259259259259
V0141008: 3.14814814814815
V0141009: 3.33333333333333
V0141011: 2.77777777777778
V0141012: 2.96296296296296
V0141016: 2.77777777777778
V0141017: 3.7037037037037
V0141018: 3.88888888888889
V0141019: 3.33333333333333
V0141021: 2.40740740740741
V0141022: 3.33333333333333
V0141023: 3.14814814814815
V0141025: 1.66666666666667
V0141026: 3.33333333333333
V0141029: 4.25925925925926
V0141035: 3.88888888888889
V0141036: 2.77777777777778
V0141037: 4.62962962962963
V0141038: 2.59259259259259
V0141041: 2.77777777777778
V0141046: 3.33333333333333
V0141048: 4.44444444444444
V0141049: 3.7037037037037
V0141051: 2.03703703703704
V0141052: 3.7037037037037
V0141053: 4.62962962962963
V0141054: 2.59259259259259
V0141055: 3.7037037037037
V0141059: 3.88888888888889
V0141060: 4.62962962962963
V0141061: 3.14814814814815
V0141064: 3.51851851851852
V0241045: 2.96296296296296
V0241046: 2.03703703703704
