---
B04202201: 0
B04202204: 0
B05200078: 0
B06080105: 2.03154285714286
B06200002: 0
B06200005: 3.21396428571428
B06200007: 4.28251744186047
B06200009: 2.22993571428571
B06200011: 2.34897142857143
B06200013: 3.80120714285714
B06200015: 3.16635
B06200019: 4.04721428571428
B06200023: 3.83295
B06200025: 4.33677558139535
B06200027: 3.68217142857143
B06200029: 1.99186428571429
B06200031: 4.83285
B06200035: 0
B06200037: 3.39113372093023
B06200041: 4.70108023255814
B06200043: 4.60806627906977
B06200046: 2.80130714285714
B06200048: 0
B06200052: 3.30125714285714
B06200058: 0
B06200061: 2.9997
B06200063: 2.99176428571429
B06200067: 4.83285
B06200069: 0
B06200071: 3.17428571428571
B06200073: 2.37277857142857
B06200080: 3.18222142857143
B06200081: 4.31352209302326
B06209101: 0
B06210041: 4.23767142857143
B07202101: 4.18212142857143
B07202102: 3.46790714285714
B07202103: 4.80184534883721
B07202104: 4.04721428571428
B07202107: 4.32496428571429
B07202108: 3.74565714285714
B07202110: 4.83285
B07202112: 4.65457325581395
B07202114: 4.77084069767442
B07202117: 2.37277857142857
