---
U0031101: 2.66666666666667
U0031102: 5
U0031103: 3.33333333333333
U0031104: 5
U0031105: 3
U0031106: 2.66666666666667
U0031107: 3
U0031108: 3.33333333333333
U0031109: 3.33333333333333
U0031110: 3
U0031111: 3
U0031112: 2.33333333333333
U0031113: 2.33333333333333
U0031114: 3.33333333333333
U0031115: 3.33333333333333
U0031117: 2.66666666666667
U0031118: 3.66666666666667
U0031119: 3
U0031120: 3
U0031122: 5
U0031123: 3
U0031124: 2.66666666666667
U0031126: 3.66666666666667
U0031127: 3
U0031128: 3
U0031129: 2.33333333333333
U0031130: 3.66666666666667
U0031131: 2.33333333333333
U0031132: 3.66666666666667
U0031133: 3
U0031135: 2.33333333333333
U0031138: 3.33333333333333
U0031139: 3.66666666666667
U0031140: 3.33333333333333
U0031141: 3
U0031142: 2.33333333333333
U0031143: 3.33333333333333
U0031144: 3.33333333333333
U0031145: 2.33333333333333
U0031146: 2.33333333333333
U0031147: 2.66666666666667
U0031150: 3.66666666666667
U0031205: 2.33333333333333
U9931001: 3
U9931248: 2.66666666666667
