---
U9634018: 3.33333333333333
U9833004: 3.33333333333333
U9834001: 4.33333333333333
U9834002: 3.33333333333333
U9834004: 4.25
U9834005: 4.33333333333333
U9834006: 4.75
U9834009: 4.91666666666667
U9834010: 4.08333333333333
U9834011: 4.25
U9834012: 4.91666666666667
U9834013: 3.58333333333333
U9834014: 4.41666666666667
U9834015: 4.41666666666667
U9834016: 4.41666666666667
U9834017: 4.08333333333333
U9834019: 4.91666666666667
U9834020: 3.33333333333333
U9834021: 3.58333333333333
U9834024: 3.33333333333333
U9834025: 4.91666666666667
U9834026: 4.08333333333333
U9834027: 4.75
U9834028: 3.58333333333333
U9834029: 3.33333333333333
U9834031: 4.08333333333333
U9834032: 4.91666666666667
U9834033: 4.75
U9834034: 4.25
U9834036: 4.91666666666667
U9834037: 4.75
U9834038: 4.91666666666667
U9834039: 4.08333333333333
U9834040: 3.58333333333333
U9834041: 4.08333333333333
U9834042: 4.33333333333333
U9834046: 3.33333333333333
U9834047: 4.41666666666667
U9834049: 4.91666666666667
U9834050: 4.25
U9834051: 4.08333333333333
U9834057: 3.33333333333333
