---
U0016014: 3.83333333333333
U0031022: 3.91666666666667
U0043029: 2.91666666666667
U0111135: 3.83333333333333
U0115001: 2.33333333333333
U0222112: 3.5
U0222303: 5
U0311011: 4.5
U9810037: 0
