---
U0016014: 3
U0115001: 0

U9810037: 0

U0031022: 3.83333333333333
U0043029: 3.83333333333333
U0111135: 3.83333333333333
U0222112: 5
U0222303: 5
U0311011: 5
