---
U0016014: 4.66666666666667
U0111135: 4.66666666666667
U0115001: 4.66666666666667

U9810037: 0

U0031022: 3.83333333333333
U0043029: 3.83333333333333
U0222112: 5
U0222303: 5
U0311011: 5
