---
N00200001: 4.61493582263711
N00200008: 3.51108518086348
N00200009: 4.59393232205368
N00200017: 5
N00200025: 4.08751458576429
N00200029: 4.29988331388565
N00200030: 4.84597432905484
N00200031: 4.02217036172695
N00200034: 3.91015169194866
N00200036: 3.60676779463244
N00200037: 4.9463243873979
N00200042: 3.8098016336056
N00200043: 0
N00200051: 4.15985997666278
N00200054: 3
N00200055: 5
N00200056: 4.54025670945158
N00203002: 0
N01202001: 5
N01202004: 4.16219369894982
N01203003: 3.65577596266044
N02202113: 4.01050175029172
N96200030: 3.40606767794632
