---
U0016044: 3.91666666666667
U0022342: 3.91666666666667
U0022343: 4.25
U0110031: 3.91666666666667
U9816034: 2.91666666666667
U9911001: 3.75
U9911202: 3.25
U9911220: 3.91666666666667
U9921307: 0
