---
U0533017: 98.5714285714286
U0558009: 81.4285714285714
U0631106: 98.5714285714286
U0710018: 98.5714285714286
U0758013: 98.5714285714286
U0758018: 98.5714285714286
U0758019: 98.5714285714286
U0758033: 98.5714285714286
U0843004: 98.5714285714286
U0843043: 81.4285714285714
