---
exercise: Part 4. unscrambling
grade:
  U0231101: 8.66666666666667
  U0231103: 8.66666666666667
  U0231104: 0
  U0231105: 8.66666666666667
  U0231106: 8.66666666666667
  U0231107: 4.33333333333333
  U0231108: 8.66666666666667
  U0231109: 4.33333333333333
  U0231110: 4.33333333333333
  U0231111: 8.66666666666667
  U0231112: 13
  U0231113: 8.66666666666667
  U0231114: 8.66666666666667
  U0231115: 8.66666666666667
  U0231116: 21.6666666666667
  U0231117: 8.66666666666667
  U0231118: 13
  U0231119: 4.33333333333333
  U0231120: 8.66666666666667
  U0231121: 17.3333333333333
  U0231122: 21.6666666666667
  U0231123: 13
  U0231124: 8.66666666666667
  U0231125: 17.3333333333333
  U0231126: 8.66666666666667
  U0231127: 17.3333333333333
  U0231128: 17.3333333333333
  U0231130: 17.3333333333333
  U0231131: 8.66666666666667
  U0231132: 0
  U0231133: 8.66666666666667
  U0231134: 0
  U0231135: 13
  U0231136: 8.66666666666667
  U0231137: 4.33333333333333
  U0231138: 13
  U0231139: 13
  U0231140: 13
  U0231141: 8.66666666666667
  U0231142: 8.66666666666667
  U0231143: 17.3333333333333
  U0231144: 17.3333333333333
  U0231145: 8.66666666666667
  U0231146: 4.33333333333333
  U0231147: 13
  U0231148: 0
  U0231149: 4.33333333333333
  U0231150: 4.33333333333333
  U0231151: 13
  U0231152: 0
  U0231153: 4.33333333333333
points:
  U0231101: 2
  U0231103: 2
  U0231104: 0
  U0231105: 2
  U0231106: 2
  U0231107: 1
  U0231108: 2
  U0231109: 1
  U0231110: 1
  U0231111: 2
  U0231112: 3
  U0231113: 2
  U0231114: 2
  U0231115: 2
  U0231116: 5
  U0231117: 2
  U0231118: 3
  U0231119: 1
  U0231120: 2
  U0231121: 4
  U0231122: 5
  U0231123: 3
  U0231124: 2
  U0231125: 4
  U0231126: 2
  U0231127: 4
  U0231128: 4
  U0231130: 4
  U0231131: 2
  U0231132: 0
  U0231133: 2
  U0231134: 0
  U0231135: 3
  U0231136: 2
  U0231137: 1
  U0231138: 3
  U0231139: 3
  U0231140: 3
  U0231141: 2
  U0231142: 2
  U0231143: 4
  U0231144: 4
  U0231145: 2
  U0231146: 1
  U0231147: 3
  U0231148: 0
  U0231149: 1
  U0231150: 1
  U0231151: 3
  U0231152: 0
  U0231153: 1
