---
T9833026: 0
T9833038: 3.16666666666667
U0014139: 3.16666666666667
U0033001: 3.5
U0033002: 3.66666666666667
U0033003: 3
U0033004: 3
U0033005: 4
U0033006: 3
U0033008: 4
U0033009: 4.5
U0033010: 3.33333333333333
U0033012: 3.5
U0033013: 2
U0033014: 3.16666666666667
U0033015: 0
U0033016: 4
U0033018: 4.33333333333333
U0033019: 3.16666666666667
U0033020: 3.66666666666667
U0033022: 3.16666666666667
U0033023: 3.5
U0033024: 3.5
U0033029: 3
U0033030: 3.66666666666667
U0033031: 3.83333333333333
U0033032: 2.66666666666667
U0033033: 3.66666666666667
U0033034: 2.5
U0033035: 2.5
U0033036: 3.16666666666667
U0033037: 4.33333333333333
U0033039: 3
U0033040: 3.16666666666667
U0033042: 4
U0033133: 3.5
U0033135: 4
U0033136: 3.83333333333333
U0033137: 3.5
U0033139: 4
U9933035: 2.83333333333333
