---
T9833038: 3.33333333333333
U0014139: 3.33333333333333
U0033001: 3
U0033002: 4.33333333333333
U0033003: 4
U0033004: 3
U0033005: 3
U0033006: 3
U0033008: 3
U0033009: 4
U0033010: 3.66666666666667
U0033012: 4
U0033013: 3
U0033014: 4.33333333333333
U0033016: 3
U0033018: 3.66666666666667
U0033019: 3.33333333333333
U0033020: 3.33333333333333
U0033022: 3.33333333333333
U0033023: 3
U0033024: 3
U0033029: 3
U0033030: 3.33333333333333
U0033031: 3.66666666666667
U0033032: 3.33333333333333
U0033033: 4.33333333333333
U0033034: 3
U0033035: 3
U0033036: 3.33333333333333
U0033037: 3.66666666666667
U0033039: 3
U0033040: 3.33333333333333
U0033042: 3
U0033133: 3
U0033135: 3
U0033136: 3.66666666666667
U0033137: 3
U0033139: 3
U9933035: 3.66666666666667
