---
U9816024: 3.27777777777778
U9831132: 0
U9933001: 3
U9933003: 4.33333333333333
U9933005: 4.33333333333333
U9933006: 2.77777777777778
U9933008: 3.5
U9933010: 3.33333333333333
U9933011: 3.88888888888889
U9933017: 4
U9933020: 4.16666666666667
U9933022: 4.33333333333333
U9933023: 4.16666666666667
U9933024: 3.5
U9933025: 3.77777777777778
U9933026: 3.83333333333333
U9933027: 4
U9933029: 4
U9933030: 3.33333333333333
U9933031: 3
U9933033: 4.66666666666667
U9933037: 2.88888888888889
U9933038: 4.33333333333333
U9933039: 3
U9933041: 3.88888888888889
U9933043: 3
U9933044: 3.33333333333333
U9933045: 4
U9933107: 3.77777777777778
U9933108: 4.33333333333333
U9933109: 3
U9933112: 3
U9933116: 3.77777777777778
U9933126: 4
U9933136: 3
U9933138: 2.77777777777778
U9933139: 3.61111111111111
U9933143: 3.5
