---
B04200066: 0
B05140116: 0
B05200009: 4.88888888888889
B05200013: 0
B05200018: 5
B05200022: 3.83333333333333
B05200026: 4.5
B05200032: 5
B05200036: 5
B05200043: 5
B05200048: 3
B05200054: 3.83333333333333
B05200058: 0
B05200066: 5
B05200070: 5
B05200074: 5
B05200078: 5
B05200082: 5
B05200086: 4.33333333333333
B05200092: 4.5
B05210064: 4.5
B06202101: 4.38888888888889
B06202102: 4.5
B06202104: 4.5
B06202106: 5
U06100101: 4.5
