---
B04200066: 0
B05140116: 0
B05200058: 0
B05200013: 0

B05200009: 4.77777777777778
B05200018: 5
B05200022: 3.66666666666667
B05200026: 5
B05200032: 5
B05200036: 5
B05200043: 5
B05200048: 5
B05200054: 3.66666666666667
B05200066: 5
B05200070: 5
B05200074: 5
B05200078: 5
B05200082: 5
B05200086: 3.66666666666667
B05200092: 5
B05210064: 5
B06202101: 4.77777777777778
B06202102: 5
B06202104: 5
B06202106: 5
U06100101: 5
