---
U0143020: 4.41666666666667
V0041008: 3
V0041022: 0
V0241001: 4.16666666666667
V0241004: 4.16666666666667
V0241014: 4.16666666666667
V0241017: 3.75
V0241022: 4.66666666666667
V0241024: 4.16666666666667
V0241029: 4.66666666666667
V0241030: 3.91666666666667
V0241031: 4.33333333333333
V0241032: 4.16666666666667
V0241034: 3
V0241037: 4.25
V0241038: 3.5
V0241039: 4.16666666666667
V0241041: 4.25
V0241042: 3
V0241044: 4.83333333333333
V0241045: 4.16666666666667
V0241046: 4.41666666666667
V0241066: 4.83333333333333
V0241067: 4
