---
V0041022: 0

U0143020: 3.83333333333333
V0041008: 2
V0241001: 3.33333333333333
V0241004: 4.33333333333333
V0241014: 4.33333333333333
V0241017: 3.5
V0241022: 4.33333333333333
V0241024: 3.33333333333333
V0241029: 4.33333333333333
V0241030: 3.83333333333333
V0241031: 4.66666666666667
V0241032: 4.33333333333333
V0241034: 2
V0241037: 3.5
V0241038: 4
V0241039: 3.33333333333333
V0241041: 3.5
V0241042: 2
V0241044: 4.66666666666667
V0241045: 4.33333333333333
V0241046: 3.83333333333333
V0241066: 4.66666666666667
V0241067: 4
