---
U0031101: 5
U0031102: 4.5
U0031103: 3.83333333333333
U0031104: 4.5
U0031105: 4.5
U0031106: 4
U0031107: 4
U0031108: 3
U0031109: 4
U0031110: 4
U0031111: 4.5
U0031112: 3.33333333333333
U0031113: 4.5
U0031114: 4
U0031115: 4.5
U0031117: 4.5
U0031118: 4
U0031119: 3.66666666666667
U0031120: 4.5
U0031122: 4
U0031123: 4.16666666666667
U0031124: 4.83333333333333
U0031126: 3.16666666666667
U0031127: 5
U0031128: 3
U0031129: 3.5
U0031130: 3.5
U0031131: 3
U0031132: 4.5
U0031133: 4.5
U0031135: 4.5
U0031136: 3.5
U0031138: 4.5
U0031139: 5
U0031140: 3.5
U0031142: 4.5
U0031143: 3
U0031144: 4.5
U0031145: 4.5
U0031146: 4.5
U0031147: 4.5
U0031150: 4.5
U0031205: 4
U9743025: 4.5
U9931152: 3.5
