---
U0031101: 1.66666666666666
U0031102: 2.16666666666667
U0031103: 2.33333333333333
U0031104: 3
U0031105: 3
U0031106: 1
U0031107: 2.66666666666667
U0031108: 3.5
U0031109: 2.16666666666667
U0031110: 4
U0031111: 2.33333333333333
U0031112: 2.83333333333333
U0031113: 2.66666666666667
U0031114: 2.33333333333333
U0031115: 3.16666666666667
U0031116: 1
U0031117: 3
U0031118: 2.83333333333333
U0031119: 2.66666666666667
U0031120: 2.16666666666667
U0031122: 2.66666666666667
U0031123: 2.16666666666667
U0031124: 2.5
U0031126: 3
U0031127: 2.5
U0031128: 3.16666666666667
U0031129: 2.5
U0031130: 2.83333333333333
U0031131: 3.16666666666667
U0031132: 3.16666666666667
U0031133: 3.16666666666667
U0031135: 3
U0031136: 3.16666666666667
U0031138: 3.16666666666667
U0031139: 3
U0031140: 1.16666666666666
U0031141: 2.66666666666667
U0031142: 2.5
U0031143: 2.16666666666667
U0031144: 2.66666666666667
U0031145: 2.66666666666667
U0031146: 2.5
U0031147: 2.66666666666667
U0031150: 3.16666666666667
U0031205: 2.33333333333333
U9931001: 2.66666666666667
U9931248: 2.5
