---
U0031101: 5
U0031102: 5
U0031103: 3.66666666666667
U0031104: 5
U0031105: 5
U0031106: 5
U0031107: 5
U0031108: 3
U0031109: 5
U0031110: 3
U0031111: 5
U0031112: 3.66666666666667
U0031113: 5
U0031114: 5
U0031115: 5
U0031117: 5
U0031118: 5
U0031119: 3.33333333333333
U0031120: 5
U0031122: 3
U0031123: 3.33333333333333
U0031124: 4.66666666666667
U0031126: 3.33333333333333
U0031127: 5
U0031128: 5
U0031129: 5
U0031130: 5
U0031131: 5
U0031132: 5
U0031133: 5
U0031135: 5
U0031136: 3
U0031138: 5
U0031139: 5
U0031140: 5
U0031142: 5
U0031143: 5
U0031144: 5
U0031145: 5
U0031146: 5
U0031147: 5
U0031150: 5
U0031205: 3
U9743025: 5
U9931152: 5
