---
B03200025: 3.64161111111111
B04200010: 0
B04200022: 0
B06060001: 4.49955
B06200003: 4.73446626506024
B06200008: 0
B06200012: 0
B06200018: 3.69098888888889
B06200024: 0
B06200028: 4.44667710843373
B06200032: 4.36502530120482
B06200038: 4.42927590361446
B06200047: 4.02428888888889
B06200059: 0
B06200064: 0
B06200068: 3.70333333333333
B06200072: 4.444
B06200078: 0
B07202109: 3.81443333333333
B07202113: 4.444
