---
B03200025: 4.33333333333333
B04200010: 0
B04200022: 0
B06060001: 4
B06200003: 5
B06200008: 0
B06200012: 0
B06200018: 4
B06200024: 0
B06200028: 4.66666666666667
B06200032: 4
B06200038: 4
B06200047: 5
B06200059: 0
B06200064: 0
B06200068: 4.66666666666667
B06200072: 4.33333333333333
B06200078: 0
B07202109: 4.33333333333333
B07202113: 4.33333333333333
