---
exercise: pollution
grade:
  B03200025: 2.59259259259259
  B04200010: 0
  B04200022: 0
  B06060001: 0
  B06200003: 4.20481927710843
  B06200008: 0
  B06200012: 0
  B06200018: 2.07407407407407
  B06200024: 0
  B06200028: 4.67469879518072
  B06200032: 4.09638554216868
  B06200038: 4.28915662650602
  B06200047: 2.07407407407407
  B06200059: 0
  B06200064: 0
  B06200068: 2.44444444444444
  B06200072: 5
  B06200078: 0
  B07202109: 3.11111111111111
  B07202113: 4
points:
  B03200025:
    answer: 1
    question: 1
    try: 6
  B04200010:
    answer: 0
    question: 0
    try: 0
  B04200022:
    answer: 0
    question: 0
    try: 0
  B06060001:
    answer: 0
    question: 0
    try: 0
  B06200003:
    answer: 9
    question: 11
    try: 22
  B06200008:
    answer: 0
    question: 0
    try: 0
  B06200012:
    answer: 0
    question: 0
    try: 0
  B06200018:
    answer: 0
    question: 0
    try: 1
  B06200024:
    answer: 0
    question: 0
    try: 0
  B06200028:
    answer: 14
    question: 14
    try: 55
  B06200032:
    answer: 7
    question: 8
    try: 19
  B06200038:
    answer: 12
    question: 12
    try: 27
  B06200047:
    answer: 0
    question: 0
    try: 1
  B06200059:
    answer: 0
    question: 0
    try: 0
  B06200064:
    answer: 0
    question: 0
    try: 0
  B06200068:
    answer: 0
    question: 0
    try: 6
  B06200072:
    answer: 20
    question: 29
    try: 52
  B06200078:
    answer: 0
    question: 0
    try: 0
  B07202109:
    answer: 1
    question: 1
    try: 13
  B07202113:
    answer: 3
    question: 3
    try: 21
report: |+
  grammatical: 2
  try: 1
  correct: 0
  Player     Question Grammatical Answers   Total     Grade
  B03200025      6        1         1         8        2.6
  B04200010      0        0         0         0        0.0
  B04200022      0        0         0         0        0.0
  B06060001      0        0         0         0        0.0
  B06200003     22       11         9        44        4.2
  B06200008      0        0         0         0        0.0
  B06200012      0        0         0         0        0.0
  B06200018      1        0         0         1        2.1
  B06200024      0        0         0         0        0.0
  B06200028     55       14        14        83        4.7
  B06200032     19        8         7        35        4.1
  B06200038     27       12        12        51        4.3
  B06200047      1        0         0         1        2.1
  B06200059      0        0         0         0        0.0
  B06200064      0        0         0         0        0.0
  B06200068      6        0         0         6        2.4
  B06200072     52       29        20       110        5.0
  B06200078      0        0         0         0        0.0
  B07202109     13        1         1        15        3.1
  B07202113     21        3         3        27        4.0
  Class Totals
             Question Grammatical Answers   Total     Grade
               223         79        67       381      3.5
---
B03200025: 2.59259259259259
B04200010: 0
B04200022: 0
B06060001: 0
B06200003: 4.20481927710843
B06200008: 0
B06200012: 0
B06200018: 2.07407407407407
B06200024: 0
B06200028: 4.67469879518072
B06200032: 4.09638554216868
B06200038: 4.28915662650602
B06200047: 2.07407407407407
B06200059: 0
B06200064: 0
B06200068: 2.44444444444444
B06200072: 5
B06200078: 0
B07202109: 3.11111111111111
B07202113: 4
