---
V0041005: 3.57444444444444
V0041007: 3.94444444444445
V0041010: 3.44444444444445
V0041012: 3.16666666666667
V0041015: 4.44444444444444
V0041042: 3.94444444444445
V0041046: 4.03944444444445
V0041055: 3.80722222222222
V0041058: 3.54444444444445
V0041062: 3.16666666666667
V0041064: 4.67222222222222
V0041066: 3.74444444444445
V0141064: 4.145
V9741022: 4
V9941014: 4.5
V9941060: 3.16666666666667
