---
N9661749: 4.05555555555556
V0041002: 4.5
V0041007: 3.5
V0041008: 3.5
V0041009: 3.5
V0041010: 3.5
V0041019: 3.5
V0041030: 3.61111111111111
V0041032: 4.16666666666667
V0041033: 3.5
V0041035: 2.5
V0041038: 3.61111111111111
V0041039: 4.5
V0041040: 2.5
V0041042: 4.5
V0041044: 3.5
V0041045: 3.5
V0041049: 2.5
V0041050: 4.16666666666667
V0041053: 4.16666666666667
V0041057: 4.38888888888889
V0041067: 4.5
V0241030: 4.16666666666667
V9741022: 2.5
V9841025: 4.38888888888889
V9841028: 4.16666666666667
V9841042: 2
V9941001: 2
V9941007: 0
V9941011: 3.5
V9941012: 3.5
V9941013: 3.5
V9941022: 0
V9941023: 4.16666666666667
V9941025: 4.55555555555556
V9941026: 2.5
V9941027: 2
V9941029: 3.5
V9941031: 4.5
V9941036: 4.16666666666667
V9941037: 3.5
V9941040: 4.66666666666667
V9941046: 3.5
V9941047: 3.5
V9941049: 2.61111111111111
V9941050: 3.5
V9941057: 2.5
V9941059: 4.5
V9941067: 3.5
V9941068: 4.16666666666667
V9941069: 3
V9941073: 4.16666666666667
V9941075: 4.16666666666667
