---
V9941027: 0
V9941007: 0
V9941022: 0
V9941010: 0
V9941001: 0
V9841042: 0

N9661749: 4.11111111111111
V0041002: 5
V0041007: 3
V0041008: 3
V0041009: 3
V0041010: 3
V0041019: 3
V0041030: 3.22222222222222
V0041032: 4.33333333333333
V0041033: 3
V0041035: 3
V0041038: 3.22222222222222
V0041039: 5
V0041040: 3
V0041042: 5
V0041044: 3
V0041045: 3
V0041049: 3
V0041050: 4.33333333333333
V0041053: 4.33333333333333
V0041057: 4.77777777777778
V0041067: 5
V0241030: 4.33333333333333
V9741022: 3
V9841025: 4.77777777777778
V9841028: 4.33333333333333
V9941001: 4.77777777777778
V9941011: 3
V9941012: 3
V9941013: 3
V9941023: 4.33333333333333
V9941025: 4.11111111111111
V9941026: 3
V9941029: 3
V9941031: 5
V9941036: 4.33333333333333
V9941037: 3
V9941040: 4.33333333333333
V9941046: 3
V9941047: 3
V9941049: 3.22222222222222
V9941050: 5
V9941057: 5
V9941059: 5
V9941067: 3
V9941068: 4.33333333333333
V9941069: 3
V9941073: 4.33333333333333
V9941075: 4.33333333333333
