---
'': ~
N9661749: 5
V0041002: 5
V0041007: 3
V0041008: 3
V0041009: 3
V0041010: 3
V0041019: 3
V0041030: 5
V0041032: 5
V0041033: 3
V0041035: 3
V0041038: 5
V0041039: 5
V0041040: 3
V0041042: 69.6666666666667
V0041044: 3
V0041045: 3
V0041049: 3
V0041050: 5
V0041053: 5
V0041057: 5
V0041067: 5
V0241030: 5
V9741022: 3
V9841025: 5
V9841028: 3
V9941001: 62.2592592592593
V9941010: 5
V9941011: 3
V9941012: 3
V9941013: 3
V9941022: 5
V9941023: 47.4444444444445
V9941025: 5
V9941026: 3
V9941029: 3
V9941031: 5
V9941036: 5
V9941037: 3
V9941040: 5
V9941046: 3
V9941047: 3
V9941049: 5
V9941050: 5
V9941057: 5
V9941059: 5
V9941067: 3
V9941068: 5
V9941069: 3
V9941073: 3
V9941075: 5
