---
U0016044: 4.58333333333333
U0022342: 3.16666666666667
U0022343: 3.16666666666667
U0110031: 0
U9816034: 4.08333333333333
U9911001: 3.08333333333333
U9911202: 4.16666666666667
U9911220: 0
