---
N02200001: 4.08333333333333
N02200003: 3.91666666666667
N02200006: 0
N02200009: 3.66666666666667
N02200011: 3.45833333333333
N02200013: 2.20833333333333
N02200016: 3.20833333333333
N02200020: 2.16666666666667
N02200024: 2.45833333333333
N02200026: 2.20833333333333
N02200028: 3.95833333333333
N02200030: 0
N02200032: 1.70833333333334
N02200040: 3.25
N02200043: 3.5
N02200045: 3.66666666666667
N02200047: 0
N02200049: 3.08333333333333
N02200051: 0
N02200057: 3.5
N02202102: 2.95833333333333
N03202103: 4.08333333333333
N03202105: 2.16666666666667
N99200030: 3.66666666666667
