---
N02200030: 0
N02200006: 0
N02200038: 0
N03202101: 0
N03202105: 0
N02200020: 0
N02200047: 0
N02200051: 0
N02200054: 0

N02020034: 0

N02200001: 3.66666666666667
N02200003: 3.33333333333333
N02200009: 3.33333333333333
N02200011: 3.41666666666667
N02200013: 3.41666666666667
N02200016: 3.41666666666667
N02200024: 3.41666666666667
N02200026: 3.41666666666667
N02200028: 3.41666666666667
N02200032: 3.41666666666667
N02200040: 3.5
N02200043: 3.5
N02200045: 3.41666666666667
N02200049: 3.66666666666667
N02200057: 3.5
N02202102: 3.41666666666667
N03202103: 3.66666666666667
N99200030: 3.33333333333333
