---
N03200036: 0
N03200012: 0
N03200027: 0
N04202107: 0
N04202111: 0
N04202113: 0

100100100: 5
N01200048: 3.66666666666667
N02202201: 3
N03080070: 5
N03200001: 3.66666666666667
N03200004: 5
N03200006: 3.11111111111111
N03200008: 4.33333333333333
N03200010: 4.33333333333333
N03200014: 3.11111111111111
N03200018: 3
N03200020: 3.55555555555556
N03200022: 5
N03200025: 3
N03200030: 3.11111111111111
N03200034: 5
N03203103: 5
N03203105: 3.66666666666667
N04202101: 3.55555555555556
N04202105: 3.55555555555556
N04202109: 4.33333333333333
