---
N00200001: 5
N00200008: 3.4
N00200009: 3.05217391304348
N00200017: 3.71304347826087
N00200025: 4.33913043478261
N00200029: 3
N00200030: 4.6695652173913
N00200031: 3.12173913043478
N00200034: 3
N00200036: 3
N00200037: 3.19130434782609
N00200042: 3.12173913043478
N00200043: 3.36521739130435
N00200051: 3
N00200054: 3.01739130434783
N00200055: 3.38260869565217
N00200056: 4.06086956521739
N00203002: 3
N01202001: 4.30434782608696
N01202004: 3.64347826086957
N01203003: 3.13913043478261
N02202113: 3.13913043478261
N96200030: 3.60869565217391
