---
V0241004: 88.4681818181818
V0241014: 95.7072727272727
V0241017: 64.1836363636364
V0241022: 79.7981818181818
V0241024: 79.3345454545455
V0241026: 80.3036363636364
V0241029: 93.14
V0241030: 83.0381818181818
V0241031: 79.6045454545455
V0241032: 62.8790909090909
V0241034: 84.7045454545455
V0241037: 79.7554545454546
V0241038: 81.2954545454545
V0241039: 81.0181818181818
V0241041: 74.7381818181818
V0241064: 59.1336363636364
V0241066: 83.8545454545455
V0241067: 86.7427272727273
