---
V0041008: 2.88888888888889
V0041042: 3.83333333333333
V0141001: 3.66666666666667
V0141062: 3.83333333333333
V0241001: 3.5
V0241004: 4
V0241014: 3.94444444444445
V0241017: 2.88888888888889
V0241022: 4.16666666666667
V0241029: 3.94444444444445
V0241034: 3.66666666666667
V0241038: 3.66666666666667
V0241039: 4.33333333333333
V0241041: 3.38888888888889
V0241045: 4.05555555555556
V0241046: 3.16666666666667
V0241063: 0
V0241064: 4.05555555555556
V0241065: 4.55555555555556
V0241067: 3.94444444444445
V0316060: 2
V9941077: 4.16666666666667
