---
V0241063: 0

V0041008: 2.77777777777778
V0041042: 3.66666666666667
V0141001: 4.33333333333333
V0141062: 3.66666666666667
V0241001: 3
V0241004: 3
V0241014: 3.88888888888889
V0241017: 2.77777777777778
V0241022: 4.33333333333333
V0241029: 3.88888888888889
V0241034: 2.33333333333333
V0241038: 2.33333333333333
V0241039: 3.66666666666667
V0241041: 2.77777777777778
V0241045: 4.11111111111111
V0241046: 2.33333333333333
V0241064: 4.11111111111111
V0241065: 4.11111111111111
V0241067: 3.88888888888889
V0316060: 3
V9941077: 4.33333333333333
