---
U0510005: 3.52071128834356
U0510012: 3.15264993865031
U0516005: 3.37921214723927
U0516008: 4.62176
U0516029: 3.24412
U0516044: 3.47668024539877
U0516048: 3.14338024539877
U0517025: 3.08721680981595
U0517046: 3.3469045398773
U0521133: 4.19958
U0521143: 4.61596347826087
U0531113: 0
U0531144: 0
U0531211: 0
U0533003: 3.19968
U0533016: 2.68862
U0534033: 3.05668134969325
U0534047: 4.21948257668712
U0534048: 2.95526
U0542014: 2.73306
U0543040: 3.01578564417178
U0543045: 3.64912380368098
U0557029: 4.20666858895706
U0557037: 2.95526
