---
U0531113: 0
U0531144: 0
U0531211: 0

U0510005: 4.6
U0510012: 4.6
U0516005: 4.2
U0516008: 4.86666666666667
U0516029: 4.73333333333333
U0516044: 4.86666666666667
U0516048: 4.86666666666667
U0517025: 4.6
U0517046: 4.6
U0521133: 4.6
U0521143: 4.73333333333333
U0533003: 4.6
U0533016: 4.06666666666667
U0534033: 4.06666666666667
U0534047: 4.73333333333333
U0534048: 4.86666666666667
U0542014: 4.2
U0543040: 4.06666666666667
U0543045: 4.2
U0557029: 4.86666666666667
U0557037: 4.86666666666667
