---
T9823041: 5
V9741044: 4.06666666666667
V9741064: 4.2
V9841010: 3
V9841011: 4.06666666666667
V9841022: 4.2
V9841025: 3.8
V9841028: 5
V9841042: 4.2
V9841049: 3.93333333333333
V9941001: 4.73333333333333
V9941011: 3.4
V9941012: 4.86666666666667
V9941015: 4.73333333333333
V9941026: 5
V9941027: 4.06666666666667
V9941029: 3.8
V9941037: 3.93333333333333
V9941040: 3
V9941047: 3
V9941049: 4.73333333333333
V9941050: 3.4
V9941059: 4.86666666666667
V9941060: 4.86666666666667
V9941067: 3.93333333333333
V9941075: 3.8
