---
V0341001: 76.1666666666667
V0341005: 74.6666666666667
V0341010: 74.6666666666667
V0341012: 91.1666666666667
V0341015: 78.1666666666667
V0341016: 75.5
V0341019: 74
V0341025: 79.5
V0341033: 81.5
V0341034: 87.1666666666667
V0341037: 63
V0341051: 63
