---
V0041066: 3.66666666666667
V0141062: 4.83333333333333
V0241008: 3.25
V0341001: 3.75
V0341003: 3.66666666666667
V0341004: 3.25
V0341005: 4.25
V0341010: 3.5
V0341011: 3.5
V0341012: 3.5
V0341015: 4.83333333333333
V0341016: 3.16666666666667
V0341017: 0
V0341019: 4.83333333333333
V0499145: 4.25
