---
V0341017: 0

V0041066: 2.33333333333333
V0141062: 4.66666666666667
V0241008: 2.5
V0341001: 2.5
V0341003: 2.33333333333333
V0341004: 2.5
V0341005: 4.5
V0341010: 4
V0341011: 4
V0341012: 4
V0341015: 4.66666666666667
V0341016: 2.33333333333333
V0341019: 4.66666666666667
V0499145: 4.5
