---
V0341001: 93.3333333333333
V0341005: 93.3333333333333
V0341010: 93.3333333333333
V0341012: 93.3333333333333
V0341015: 93.3333333333333
V0341016: 70
V0341019: 70
V0341025: 70
V0341033: 70
V0341034: 93.3333333333333
V0341037: 70
V0341051: 70
