---
B01140007: 4.25
B01140060: 3.83333333333333
B01140112: 4.16666666666667
B02200005: 3.83333333333333
B02200013: 4.25
B02200017: 3.83333333333333
B02200023: 4.08333333333333
B02200027: 4
B02200031: 3.5
B02200035: 3.5
B02200039: 4.16666666666667
B02200046: 5
B02200050: 4.75
B02200058: 4
B02200062: 4
B02200066: 3.08333333333333
B02200068: 4.25
B02200072: 4.25
B02200076: 3.58333333333333
B02200082: 3.08333333333333
B02200086: 4.5
B02200090: 4.25
B02200094: 5
B02200098: 4.16666666666667
B02200102: 4.5
B02200106: 4.58333333333333
B03202203: 4.58333333333333
