---
B04200066: 2.69271315789474
B05200009: 4.47871875
B05200013: 0
B05200018: 4.64536875
B05200022: 2.83305
B05200026: 4.6662
B05200032: 3.21020526315789
B05200036: 3.9996
B05200043: 3.95574473684211
B05200048: 3.18389210526316
B05200054: 3.77155263157895
B05200058: 1.6665
B05200066: 4.06209375
B05200070: 1.73666842105263
B05200074: 4.9995
B05200078: 1.6665
B05200082: 3.74523947368421
B05200086: 2.91198947368421
B05200092: 4.35373125
B05210064: 2.49097894736842
B06202101: 3.68384210526316
B06202102: 0
B06202104: 1.61387368421053
B06202106: 3.86803421052632
