---
B01140007: 4.5
B01140060: 3.66666666666667
B01140112: 4.33333333333333
B02200005: 3.66666666666667
B02200013: 4.5
B02200017: 3.66666666666667
B02200023: 4.16666666666667
B02200027: 4
B02200031: 3
B02200035: 3
B02200039: 4.33333333333333
B02200046: 5
B02200050: 4.5
B02200058: 3
B02200062: 4
B02200066: 2.16666666666667
B02200068: 4.5
B02200072: 4.5
B02200076: 2.16666666666667
B02200082: 2.16666666666667
B02200086: 5
B02200090: 4.5
B02200094: 5
B02200098: 4.33333333333333
B02200102: 4
B02200106: 4.16666666666667
B03202203: 4.16666666666667
