---
T9833004: 3
T9833006: 3
T9833009: 2.83333333333333
T9833013: 2.16666666666667
T9833025: 3
T9833027: 3.83333333333333
T9833028: 3.66666666666667
T9833030: 3.66666666666667
T9833032: 2.33333333333333
T9833035: 3
T9833037: 4.33333333333333
T9833039: 4.5
T9833043: 4.33333333333333
T9833045: 3
T9833046: 4.5
T9833050: 4.5
U9831107: 3
U9833001: 2.16666666666667
U9833002: 3.83333333333333
U9833003: 3
U9833005: 3.66666666666667
U9833007: 3
U9833009: 3
U9833011: 3.83333333333333
U9833014: 3
U9833015: 3
U9833019: 3
U9833020: 2.83333333333333
U9833022: 3.66666666666667
U9833023: 3.66666666666667
U9833024: 2.16666666666667
U9833025: 2.16666666666667
U9833026: 3
U9833030: 3.83333333333333
U9833031: 3
U9833034: 4.33333333333333
U9833035: 3.66666666666667
U9833038: 2.33333333333333
U9833039: 3
U9833040: 3
U9833041: 2.33333333333333
U9833043: 4.33333333333333
U9833044: 3
U9833045: 3
U9833047: 2.83333333333333
U9833048: 3.66666666666667
U9833049: 4.5
U9833050: 3
U9833052: 3.66666666666667
