---
T9833038: 3.22222222222222
U0014139: 3
U0033001: 3
U0033002: 3.44444444444444
U0033003: 3.22222222222222
U0033004: 3.44444444444444
U0033005: 2.77777777777778
U0033006: 3.22222222222222
U0033008: 2.55555555555556
U0033009: 3
U0033010: 2.55555555555556
U0033012: 3
U0033013: 3
U0033014: 2.33333333333333
U0033015: 2.77777777777778
U0033016: 3
U0033018: 3.22222222222222
U0033019: 2.77777777777778
U0033020: 3.22222222222222
U0033022: 3
U0033023: 3
U0033024: 2.55555555555556
U0033029: 3
U0033030: 2.33333333333333
U0033031: 3.22222222222222
U0033032: 2.33333333333333
U0033033: 2.77777777777778
U0033034: 2.55555555555556
U0033035: 2.77777777777778
U0033036: 3.44444444444444
U0033037: 3
U0033039: 3.88888888888889
U0033040: 2.77777777777778
U0033042: 2.55555555555556
U0033133: 3.88888888888889
U0033135: 3
U0033136: 3
U0033137: 3.88888888888889
U0033139: 3.22222222222222
U9933035: 3.22222222222222
